0	 20	 67.98534798534799
0.01	 20	 67.98534798534799
0.02	 20	 68.00976800976801
0.03	 20	 67.88766788766789
0.04	 20	 68.00976800976801
0.05	 20	 67.98534798534799
0.06	 20	 67.98534798534799
0.07	 20	 68.1074481074481
0.08	 20	 68.03418803418803
0.09	 20	 67.98534798534799
0.1	 20	 68.08302808302808
0.11	 20	 68.03418803418803
0.12	 20	 68.00976800976801
0.13	 20	 68.00976800976801
0.14	 20	 67.93650793650794
0.15	 20	 67.98534798534799
0.16	 20	 67.93650793650794
0.17	 20	 67.98534798534799
0.18	 20	 68.00976800976801
0.19	 20	 67.98534798534799
0.2	 20	 67.91208791208791
0.21	 20	 68.03418803418803
0.22	 20	 67.98534798534799
0.23	 20	 67.98534798534799
0.24	 20	 68.00976800976801
0.25	 20	 67.98534798534799
0.26	 20	 67.98534798534799
0.27	 20	 68.00976800976801
0.28	 20	 67.98534798534799
0.29	 20	 68.08302808302808
0.3	 20	 68.00976800976801
0.31	 20	 68.15628815628816
0.32	 20	 67.98534798534799
0.33	 20	 68.00976800976801
0.34	 20	 68.05860805860806
0.35	 20	 68.03418803418803
0.36	 20	 68.27838827838828
0.37	 20	 68.05860805860806
0.38	 20	 67.91208791208791
0.39	 20	 67.88766788766789
0.4	 20	 68.03418803418803
0.41	 20	 67.96092796092796
0.42	 20	 67.86324786324786
0.43	 20	 67.98534798534799
0.44	 20	 67.88766788766789
0.45	 20	 68.00976800976801
0.46	 20	 68.00976800976801
0.47	 20	 67.98534798534799
0.48	 20	 67.98534798534799
0.49	 20	 67.93650793650794
0.5	 20	 67.93650793650794
0.51	 20	 68.00976800976801
0.52	 20	 68.03418803418803
0.53	 20	 68.05860805860806
0.54	 20	 68.05860805860806
0.55	 20	 67.98534798534799
0.56	 20	 67.98534798534799
0.57	 20	 68.03418803418803
0.58	 20	 68.08302808302808
0.59	 20	 68.05860805860806
0.6	 20	 68.05860805860806
0.61	 20	 68.05860805860806
0.62	 20	 68.08302808302808
0.63	 20	 68.15628815628816
0.64	 20	 68.13186813186813
0.65	 20	 68.1074481074481
0.66	 20	 67.98534798534799
0.67	 20	 68.05860805860806
0.68	 20	 68.15628815628816
0.69	 20	 68.08302808302808
0.7	 20	 68.00976800976801
0.71	 20	 68.05860805860806
0.72	 20	 68.13186813186813
0.73	 20	 68.08302808302808
0.74	 20	 68.08302808302808
0.75	 20	 68.00976800976801
0.76	 20	 68.13186813186813
0.77	 20	 68.00976800976801
0.78	 20	 68.05860805860806
0.79	 20	 67.98534798534799
0.8	 20	 68.00976800976801
0.81	 20	 68.05860805860806
0.82	 20	 68.1074481074481
0.83	 20	 68.05860805860806
0.84	 20	 68.15628815628816
0.85	 20	 67.81440781440782
0.86	 20	 67.74114774114774
0.87	 20	 68.00976800976801
0.88	 20	 68.05860805860806
0.89	 20	 68.00976800976801
0.9	 20	 68.08302808302808
0.91	 20	 68.13186813186813
0.92	 20	 68.08302808302808
0.93	 20	 68.1074481074481
0.94	 20	 68.08302808302808
0.95	 20	 68.13186813186813
0.96	 20	 67.88766788766789
0.97	 20	 68.1074481074481
0.98	 20	 68.15628815628816
0.99	 20	 68.15628815628816
1	 20	 68.27838827838828
1.01	 20	 68.37606837606837
1.02	 20	 68.37606837606837
1.03	 20	 68.66910866910867
1.04	 20	 68.44932844932845
1.05	 20	 68.42490842490842
1.06	 20	 68.47374847374847
1.07	 20	 68.4004884004884
1.08	 20	 68.4981684981685
1.09	 20	 68.42490842490842
1.1	 20	 68.35164835164835
1.11	 20	 68.42490842490842
1.12	 20	 68.37606837606837
1.13	 20	 68.4004884004884
1.14	 20	 68.37606837606837
1.15	 20	 68.37606837606837
1.16	 20	 68.37606837606837
1.17	 20	 68.32722832722833
1.18	 20	 68.37606837606837
1.19	 20	 68.08302808302808
1.2	 20	 68.37606837606837
1.21	 20	 68.37606837606837
1.22	 20	 68.35164835164835
1.23	 20	 68.27838827838828
1.24	 20	 68.44932844932845
1.25	 20	 68.13186813186813
1.26	 20	 68.37606837606837
1.27	 20	 68.44932844932845
1.28	 20	 68.44932844932845
1.29	 20	 68.37606837606837
1.3	 20	 68.44932844932845
1.31	 20	 68.37606837606837
1.32	 20	 68.44932844932845
1.33	 20	 68.4004884004884
1.34	 20	 68.37606837606837
1.35	 20	 68.3028083028083
1.36	 20	 68.35164835164835
1.37	 20	 68.37606837606837
1.38	 20	 68.71794871794872
1.39	 20	 68.37606837606837
1.4	 20	 68.52258852258852
1.41	 20	 68.42490842490842
1.42	 20	 68.44932844932845
1.43	 20	 68.44932844932845
1.44	 20	 68.4004884004884
1.45	 20	 68.44932844932845
1.46	 20	 68.44932844932845
1.47	 20	 68.4004884004884
1.48	 20	 68.42490842490842
1.49	 20	 68.44932844932845
1.5	 20	 68.5958485958486
1.51	 20	 68.57142857142857
1.52	 20	 68.62026862026862
1.53	 20	 68.64468864468864
1.54	 20	 68.62026862026862
1.55	 20	 68.66910866910867
1.56	 20	 68.66910866910867
1.57	 20	 68.5958485958486
1.58	 20	 68.71794871794872
1.59	 20	 68.5958485958486
1.6	 20	 68.71794871794872
1.61	 20	 68.62026862026862
1.62	 20	 68.69352869352869
1.63	 20	 68.57142857142857
1.64	 20	 68.62026862026862
1.65	 20	 68.4981684981685
1.66	 20	 68.57142857142857
1.67	 20	 68.57142857142857
1.68	 20	 68.57142857142857
1.69	 20	 70.23199023199024
1.7	 20	 68.5958485958486
1.71	 20	 68.57142857142857
1.72	 20	 67.10622710622711
1.73	 20	 68.52258852258852
1.74	 20	 68.52258852258852
1.75	 20	 68.44932844932845
1.76	 20	 68.52258852258852
1.77	 20	 68.44932844932845
1.78	 20	 68.57142857142857
1.79	 20	 68.47374847374847
1.8	 20	 68.44932844932845
1.81	 20	 68.4004884004884
1.82	 20	 68.44932844932845
1.83	 20	 68.52258852258852
1.84	 20	 68.52258852258852
1.85	 20	 68.47374847374847
1.86	 20	 68.47374847374847
1.87	 20	 68.57142857142857
1.88	 20	 68.44932844932845
1.89	 20	 68.35164835164835
1.9	 20	 68.37606837606837
1.91	 20	 68.47374847374847
1.92	 20	 68.42490842490842
1.93	 20	 68.44932844932845
1.94	 20	 68.57142857142857
1.95	 20	 68.4004884004884
1.96	 20	 68.62026862026862
1.97	 20	 68.4981684981685
1.98	 20	 68.57142857142857
1.99	 20	 68.44932844932845
2	 20	 68.57142857142857
2.01	 20	 68.52258852258852
2.02	 20	 68.52258852258852
2.03	 20	 68.5958485958486
2.04	 20	 68.4981684981685
2.05	 20	 68.57142857142857
2.06	 20	 68.57142857142857
2.07	 20	 68.57142857142857
2.08	 20	 68.4981684981685
2.09	 20	 68.4981684981685
2.1	 20	 68.47374847374847
2.11	 20	 68.15628815628816
2.12	 20	 68.47374847374847
2.13	 20	 68.37606837606837
2.14	 20	 68.44932844932845
2.15	 20	 68.4004884004884
2.16	 20	 68.42490842490842
2.17	 20	 68.42490842490842
2.18	 20	 68.42490842490842
2.19	 20	 68.47374847374847
2.2	 20	 68.4004884004884
2.21	 20	 68.42490842490842
2.22	 20	 68.4004884004884
2.23	 20	 68.27838827838828
2.24	 20	 68.42490842490842
2.25	 20	 68.2051282051282
2.26	 20	 68.37606837606837
2.27	 20	 68.25396825396825
2.28	 20	 68.4004884004884
2.29	 20	 68.37606837606837
2.3	 20	 68.44932844932845
2.31	 20	 68.42490842490842
2.32	 20	 68.44932844932845
2.33	 20	 68.57142857142857
2.34	 20	 68.5958485958486
2.35	 20	 68.44932844932845
2.36	 20	 68.52258852258852
2.37	 20	 68.57142857142857
2.38	 20	 68.4981684981685
2.39	 20	 68.52258852258852
2.4	 20	 68.57142857142857
2.41	 20	 68.4981684981685
2.42	 20	 68.4004884004884
2.43	 20	 68.42490842490842
2.44	 20	 68.44932844932845
2.45	 20	 68.37606837606837
2.46	 20	 68.37606837606837
2.47	 20	 68.47374847374847
2.48	 20	 68.27838827838828
2.49	 20	 68.44932844932845
2.5	 20	 68.42490842490842
2.51	 20	 68.4004884004884
2.52	 20	 68.37606837606837
2.53	 20	 68.4004884004884
2.54	 20	 68.37606837606837
2.55	 20	 68.37606837606837
2.56	 20	 68.74236874236874
2.57	 20	 68.37606837606837
2.58	 20	 68.5958485958486
2.59	 20	 68.4004884004884
2.6	 20	 68.4004884004884
2.61	 20	 68.44932844932845
2.62	 20	 68.4004884004884
2.63	 20	 68.25396825396825
2.64	 20	 68.4004884004884
2.65	 20	 68.35164835164835
2.66	 20	 68.37606837606837
2.67	 20	 68.44932844932845
2.68	 20	 68.4004884004884
2.69	 20	 68.3028083028083
2.7	 20	 68.4004884004884
2.71	 20	 68.42490842490842
2.72	 20	 68.4004884004884
2.73	 20	 68.47374847374847
2.74	 20	 68.44932844932845
2.75	 20	 68.44932844932845
2.76	 20	 68.44932844932845
2.77	 20	 68.37606837606837
2.78	 20	 68.54700854700855
2.79	 20	 68.4004884004884
2.8	 20	 68.71794871794872
2.81	 20	 68.00976800976801
2.82	 20	 68.47374847374847
2.83	 20	 68.44932844932845
2.84	 20	 68.57142857142857
2.85	 20	 68.62026862026862
2.86	 20	 68.57142857142857
2.87	 20	 68.54700854700855
2.88	 20	 68.52258852258852
2.89	 20	 68.62026862026862
2.9	 20	 68.44932844932845
2.91	 20	 68.57142857142857
2.92	 20	 68.62026862026862
2.93	 20	 68.42490842490842
2.94	 20	 68.64468864468864
2.95	 20	 68.57142857142857
2.96	 20	 68.66910866910867
2.97	 20	 68.5958485958486
2.98	 20	 68.5958485958486
2.99	 20	 68.62026862026862
3	 20	 68.57142857142857
3.01	 20	 68.5958485958486
3.02	 20	 68.69352869352869
3.03	 20	 68.71794871794872
3.04	 20	 68.76678876678876
3.05	 20	 68.44932844932845
3.06	 20	 68.74236874236874
3.07	 20	 68.81562881562881
3.08	 20	 68.62026862026862
3.09	 20	 68.79120879120879
3.1	 20	 68.76678876678876
3.11	 20	 68.71794871794872
3.12	 20	 68.69352869352869
3.13	 20	 68.76678876678876
3.14	 20	 68.96214896214896
3.15	 20	 68.81562881562881
3.16	 20	 68.74236874236874
3.17	 20	 68.79120879120879
3.18	 20	 68.76678876678876
3.19	 20	 68.84004884004884
3.2	 20	 68.79120879120879
3.21	 20	 68.64468864468864
3.22	 20	 68.74236874236874
3.23	 20	 68.74236874236874
3.24	 20	 69.62148962148962
3.25	 20	 68.74236874236874
3.26	 20	 68.69352869352869
3.27	 20	 68.74236874236874
3.28	 20	 68.71794871794872
3.29	 20	 68.74236874236874
3.3	 20	 68.74236874236874
3.31	 20	 68.71794871794872
3.32	 20	 68.74236874236874
3.33	 20	 68.76678876678876
3.34	 20	 68.76678876678876
3.35	 20	 68.71794871794872
3.36	 20	 68.71794871794872
3.37	 20	 68.91330891330891
3.38	 20	 68.66910866910867
3.39	 20	 68.74236874236874
3.4	 20	 68.76678876678876
3.41	 20	 68.69352869352869
3.42	 20	 69.15750915750915
3.43	 20	 68.84004884004884
3.44	 20	 68.76678876678876
3.45	 20	 68.84004884004884
3.46	 20	 68.74236874236874
3.47	 20	 68.71794871794872
3.48	 20	 68.79120879120879
3.49	 20	 69.1086691086691
3.5	 20	 68.86446886446886
3.51	 20	 68.64468864468864
3.52	 20	 68.79120879120879
3.53	 20	 68.86446886446886
3.54	 20	 68.79120879120879
3.55	 20	 68.81562881562881
3.56	 20	 68.81562881562881
3.57	 20	 68.86446886446886
3.58	 20	 68.84004884004884
3.59	 20	 68.84004884004884
3.6	 20	 68.86446886446886
3.61	 20	 68.84004884004884
3.62	 20	 68.93772893772893
3.63	 20	 68.96214896214896
3.64	 20	 68.93772893772893
3.65	 20	 68.84004884004884
3.66	 20	 68.93772893772893
3.67	 20	 68.93772893772893
3.68	 20	 68.88888888888889
3.69	 20	 68.91330891330891
3.7	 20	 68.91330891330891
3.71	 20	 69.05982905982906
3.72	 20	 69.03540903540903
3.73	 20	 68.79120879120879
3.74	 20	 68.96214896214896
3.75	 20	 68.93772893772893
3.76	 20	 68.93772893772893
3.77	 20	 68.93772893772893
3.78	 20	 68.86446886446886
3.79	 20	 68.93772893772893
3.8	 20	 69.01098901098901
3.81	 20	 69.05982905982906
3.82	 20	 67.98534798534799
3.83	 20	 68.84004884004884
3.84	 20	 68.86446886446886
3.85	 20	 68.93772893772893
3.86	 20	 68.93772893772893
3.87	 20	 68.96214896214896
3.88	 20	 69.05982905982906
3.89	 20	 68.91330891330891
3.9	 20	 68.91330891330891
3.91	 20	 69.01098901098901
3.92	 20	 68.88888888888889
3.93	 20	 68.96214896214896
3.94	 20	 69.05982905982906
3.95	 20	 69.03540903540903
3.96	 20	 68.98656898656898
3.97	 20	 68.93772893772893
3.98	 20	 69.01098901098901
3.99	 20	 69.01098901098901
4	 20	 69.18192918192918
4.01	 20	 68.96214896214896
4.02	 20	 68.93772893772893
4.03	 20	 67.5946275946276
4.04	 20	 68.91330891330891
4.05	 20	 68.88888888888889
4.06	 20	 68.86446886446886
4.07	 20	 68.84004884004884
4.08	 20	 68.84004884004884
4.09	 20	 68.74236874236874
4.1	 20	 68.84004884004884
4.11	 20	 68.91330891330891
4.12	 20	 68.86446886446886
4.13	 20	 68.86446886446886
4.14	 20	 68.84004884004884
4.15	 20	 68.74236874236874
4.16	 20	 68.93772893772893
4.17	 20	 68.4981684981685
4.18	 20	 69.05982905982906
4.19	 20	 68.91330891330891
4.2	 20	 68.84004884004884
4.21	 20	 68.98656898656898
4.22	 20	 68.91330891330891
4.23	 20	 68.93772893772893
4.24	 20	 68.84004884004884
4.25	 20	 68.93772893772893
4.26	 20	 68.86446886446886
4.27	 20	 69.01098901098901
4.28	 20	 68.96214896214896
4.29	 20	 68.96214896214896
4.3	 20	 68.98656898656898
4.31	 20	 68.86446886446886
4.32	 20	 68.98656898656898
4.33	 20	 68.96214896214896
4.34	 20	 68.91330891330891
4.35	 20	 68.91330891330891
4.36	 20	 68.96214896214896
4.37	 20	 68.91330891330891
4.38	 20	 69.05982905982906
4.39	 20	 68.98656898656898
4.4	 20	 69.01098901098901
4.41	 20	 68.86446886446886
4.42	 20	 69.2063492063492
4.43	 20	 68.93772893772893
4.44	 20	 68.79120879120879
4.45	 20	 70.03663003663004
4.46	 20	 68.84004884004884
4.47	 20	 68.84004884004884
4.48	 20	 68.86446886446886
4.49	 20	 68.79120879120879
4.5	 20	 68.71794871794872
4.51	 20	 68.81562881562881
4.52	 20	 68.84004884004884
4.53	 20	 68.66910866910867
4.54	 20	 68.66910866910867
4.55	 20	 68.64468864468864
4.56	 20	 68.62026862026862
4.57	 20	 68.69352869352869
4.58	 20	 68.76678876678876
4.59	 20	 68.71794871794872
4.6	 20	 68.64468864468864
4.61	 20	 68.69352869352869
4.62	 20	 68.66910866910867
4.63	 20	 68.74236874236874
4.64	 20	 68.74236874236874
4.65	 20	 68.71794871794872
4.66	 20	 68.74236874236874
4.67	 20	 68.69352869352869
4.68	 20	 68.69352869352869
4.69	 20	 68.71794871794872
4.7	 20	 68.71794871794872
4.71	 20	 68.74236874236874
4.72	 20	 68.76678876678876
4.73	 20	 68.64468864468864
4.74	 20	 68.91330891330891
4.75	 20	 68.74236874236874
4.76	 20	 68.81562881562881
4.77	 20	 68.74236874236874
4.78	 20	 68.74236874236874
4.79	 20	 68.64468864468864
4.8	 20	 68.96214896214896
4.81	 20	 68.74236874236874
4.82	 20	 68.79120879120879
4.83	 20	 68.66910866910867
4.84	 20	 68.74236874236874
4.85	 20	 68.74236874236874
4.86	 20	 68.62026862026862
4.87	 20	 68.74236874236874
4.88	 20	 68.66910866910867
4.89	 20	 68.74236874236874
4.9	 20	 68.66910866910867
4.91	 20	 68.35164835164835
4.92	 20	 68.5958485958486
4.93	 20	 68.64468864468864
4.94	 20	 68.5958485958486
4.95	 20	 68.44932844932845
4.96	 20	 68.64468864468864
4.97	 20	 68.66910866910867
4.98	 20	 68.64468864468864
4.99	 20	 68.66910866910867
5	 20	 68.5958485958486
5.01	 20	 68.5958485958486
5.02	 20	 68.5958485958486
5.03	 20	 68.57142857142857
5.04	 20	 68.5958485958486
5.05	 20	 68.5958485958486
5.06	 20	 68.71794871794872
5.07	 20	 68.54700854700855
5.08	 20	 68.57142857142857
5.09	 20	 68.4981684981685
5.1	 20	 68.69352869352869
5.11	 20	 68.62026862026862
5.12	 20	 68.5958485958486
5.13	 20	 68.4981684981685
5.14	 20	 68.42490842490842
5.15	 20	 68.5958485958486
5.16	 20	 68.62026862026862
5.17	 20	 68.37606837606837
5.18	 20	 68.44932844932845
5.19	 20	 68.57142857142857
5.2	 20	 68.4981684981685
5.21	 20	 68.52258852258852
5.22	 20	 68.54700854700855
5.23	 20	 68.4981684981685
5.24	 20	 68.4004884004884
5.25	 20	 68.44932844932845
5.26	 20	 68.44932844932845
5.27	 20	 68.4004884004884
5.28	 20	 68.37606837606837
5.29	 20	 68.35164835164835
5.3	 20	 68.4004884004884
5.31	 20	 68.1074481074481
5.32	 20	 68.44932844932845
5.33	 20	 68.44932844932845
5.34	 20	 68.42490842490842
5.35	 20	 68.42490842490842
5.36	 20	 68.44932844932845
5.37	 20	 68.54700854700855
5.38	 20	 68.4004884004884
5.39	 20	 68.44932844932845
5.4	 20	 68.37606837606837
5.41	 20	 68.44932844932845
5.42	 20	 68.42490842490842
5.43	 20	 68.37606837606837
5.44	 20	 68.32722832722833
5.45	 20	 68.18070818070818
5.46	 20	 68.37606837606837
5.47	 20	 68.37606837606837
5.48	 20	 68.15628815628816
5.49	 20	 68.44932844932845
5.5	 20	 68.35164835164835
5.51	 20	 68.1074481074481
5.52	 20	 68.22954822954823
5.53	 20	 68.25396825396825
5.54	 20	 68.66910866910867
5.55	 20	 68.2051282051282
5.56	 20	 68.32722832722833
5.57	 20	 68.4004884004884
5.58	 20	 68.37606837606837
5.59	 20	 68.22954822954823
5.6	 20	 68.2051282051282
5.61	 20	 68.15628815628816
5.62	 20	 68.2051282051282
5.63	 20	 68.2051282051282
5.64	 20	 68.25396825396825
5.65	 20	 68.15628815628816
5.66	 20	 68.03418803418803
5.67	 20	 68.13186813186813
5.68	 20	 68.2051282051282
5.69	 20	 68.22954822954823
5.7	 20	 68.27838827838828
5.71	 20	 68.2051282051282
5.72	 20	 68.4004884004884
5.73	 20	 68.4004884004884
5.74	 20	 68.66910866910867
5.75	 20	 68.2051282051282
5.76	 20	 68.37606837606837
5.77	 20	 68.25396825396825
5.78	 20	 68.3028083028083
5.79	 20	 68.27838827838828
5.8	 20	 68.32722832722833
5.81	 20	 68.25396825396825
5.82	 20	 68.32722832722833
5.83	 20	 68.3028083028083
5.84	 20	 68.3028083028083
5.85	 20	 68.08302808302808
5.86	 20	 68.37606837606837
5.87	 20	 68.37606837606837
5.88	 20	 68.3028083028083
5.89	 20	 68.42490842490842
5.9	 20	 68.37606837606837
5.91	 20	 68.37606837606837
5.92	 20	 68.37606837606837
5.93	 20	 68.37606837606837
5.94	 20	 68.66910866910867
5.95	 20	 68.37606837606837
5.96	 20	 68.37606837606837
5.97	 20	 68.4004884004884
5.98	 20	 68.4004884004884
5.99	 20	 68.37606837606837
6	 20	 68.47374847374847
6.01	 20	 68.25396825396825
6.02	 20	 68.62026862026862
6.03	 20	 68.57142857142857
6.04	 20	 68.44932844932845
6.05	 20	 68.44932844932845
6.06	 20	 68.44932844932845
6.07	 20	 68.37606837606837
6.08	 20	 68.35164835164835
6.09	 20	 68.98656898656898
6.1	 20	 68.4004884004884
6.11	 20	 68.44932844932845
6.12	 20	 68.44932844932845
6.13	 20	 68.64468864468864
6.14	 20	 68.64468864468864
6.15	 20	 68.44932844932845
6.16	 20	 68.47374847374847
6.17	 20	 68.37606837606837
6.18	 20	 68.57142857142857
6.19	 20	 68.52258852258852
6.2	 20	 68.47374847374847
6.21	 20	 68.44932844932845
6.22	 20	 68.76678876678876
6.23	 20	 68.57142857142857
6.24	 20	 68.27838827838828
6.25	 20	 68.57142857142857
6.26	 20	 68.62026862026862
6.27	 20	 68.44932844932845
6.28	 20	 68.5958485958486
6.29	 20	 68.15628815628816
6.3	 20	 68.71794871794872
6.31	 20	 68.4981684981685
6.32	 20	 68.4004884004884
6.33	 20	 68.64468864468864
6.34	 20	 68.57142857142857
6.35	 20	 68.57142857142857
6.36	 20	 68.5958485958486
6.37	 20	 68.52258852258852
6.38	 20	 68.57142857142857
6.39	 20	 68.64468864468864
6.4	 20	 68.91330891330891
6.41	 20	 68.66910866910867
6.42	 20	 68.91330891330891
6.43	 20	 69.05982905982906
6.44	 20	 68.64468864468864
6.45	 20	 68.37606837606837
6.46	 20	 68.74236874236874
6.47	 20	 68.84004884004884
6.48	 20	 68.81562881562881
6.49	 20	 68.4004884004884
6.5	 20	 68.74236874236874
6.51	 20	 68.79120879120879
6.52	 20	 68.74236874236874
6.53	 20	 68.76678876678876
6.54	 20	 68.81562881562881
6.55	 20	 68.81562881562881
6.56	 20	 68.84004884004884
6.57	 20	 68.86446886446886
6.58	 20	 68.15628815628816
6.59	 20	 68.74236874236874
6.6	 20	 68.86446886446886
6.61	 20	 68.5958485958486
6.62	 20	 68.74236874236874
6.63	 20	 68.74236874236874
6.64	 20	 68.69352869352869
6.65	 20	 68.76678876678876
6.66	 20	 68.64468864468864
6.67	 20	 68.74236874236874
6.68	 20	 68.76678876678876
6.69	 20	 68.74236874236874
6.7	 20	 68.81562881562881
6.71	 20	 68.79120879120879
6.72	 20	 68.69352869352869
6.73	 20	 68.74236874236874
6.74	 20	 68.81562881562881
6.75	 20	 68.74236874236874
6.76	 20	 68.66910866910867
6.77	 20	 68.15628815628816
6.78	 20	 68.71794871794872
6.79	 20	 68.57142857142857
6.8	 20	 68.71794871794872
6.81	 20	 68.57142857142857
6.82	 20	 68.74236874236874
6.83	 20	 68.74236874236874
6.84	 20	 68.71794871794872
6.85	 20	 68.62026862026862
6.86	 20	 68.5958485958486
6.87	 20	 68.57142857142857
6.88	 20	 67.88766788766789
6.89	 20	 68.44932844932845
6.9	 20	 68.4004884004884
6.91	 20	 69.15750915750915
6.92	 20	 68.4004884004884
6.93	 20	 68.44932844932845
6.94	 20	 68.47374847374847
6.95	 20	 68.44932844932845
6.96	 20	 68.54700854700855
6.97	 20	 68.54700854700855
6.98	 20	 68.44932844932845
6.99	 20	 68.54700854700855
7	 20	 68.62026862026862
7.01	 20	 68.66910866910867
7.02	 20	 68.5958485958486
7.03	 20	 68.64468864468864
7.04	 20	 68.86446886446886
7.05	 20	 69.08424908424908
7.06	 20	 68.76678876678876
7.07	 20	 68.88888888888889
7.08	 20	 68.71794871794872
7.09	 20	 68.62026862026862
7.1	 20	 63.272283272283275
7.11	 20	 68.62026862026862
7.12	 20	 68.64468864468864
7.13	 20	 68.62026862026862
7.14	 20	 68.64468864468864
7.15	 20	 68.71794871794872
7.16	 20	 68.66910866910867
7.17	 20	 68.74236874236874
7.18	 20	 68.74236874236874
7.19	 20	 68.69352869352869
7.2	 20	 68.79120879120879
7.21	 20	 68.66910866910867
7.22	 20	 68.62026862026862
7.23	 20	 68.64468864468864
7.24	 20	 68.66910866910867
7.25	 20	 68.5958485958486
7.26	 20	 68.62026862026862
7.27	 20	 68.74236874236874
7.28	 20	 68.52258852258852
7.29	 20	 68.5958485958486
7.3	 20	 68.57142857142857
7.31	 20	 68.5958485958486
7.32	 20	 68.66910866910867
7.33	 20	 68.71794871794872
7.34	 20	 68.5958485958486
7.35	 20	 68.66910866910867
7.36	 20	 68.64468864468864
7.37	 20	 68.54700854700855
7.38	 20	 68.54700854700855
7.39	 20	 68.57142857142857
7.4	 20	 68.66910866910867
7.41	 20	 68.64468864468864
7.42	 20	 68.64468864468864
7.43	 20	 68.57142857142857
7.44	 20	 68.57142857142857
7.45	 20	 68.66910866910867
7.46	 20	 68.57142857142857
7.47	 20	 68.81562881562881
7.48	 20	 68.5958485958486
7.49	 20	 68.66910866910867
7.5	 20	 68.64468864468864
7.51	 20	 68.64468864468864
7.52	 20	 68.5958485958486
7.53	 20	 68.62026862026862
7.54	 20	 68.57142857142857
7.55	 20	 68.5958485958486
7.56	 20	 68.5958485958486
7.57	 20	 68.66910866910867
7.58	 20	 68.5958485958486
7.59	 20	 68.71794871794872
7.6	 20	 68.64468864468864
7.61	 20	 68.64468864468864
7.62	 20	 68.57142857142857
7.63	 20	 68.62026862026862
7.64	 20	 68.66910866910867
7.65	 20	 68.69352869352869
7.66	 20	 68.74236874236874
7.67	 20	 68.74236874236874
7.68	 20	 68.64468864468864
7.69	 20	 68.66910866910867
7.7	 20	 68.64468864468864
7.71	 20	 68.66910866910867
7.72	 20	 68.64468864468864
7.73	 20	 68.5958485958486
7.74	 20	 68.62026862026862
7.75	 20	 68.74236874236874
7.76	 20	 68.66910866910867
7.77	 20	 68.71794871794872
7.78	 20	 68.05860805860806
7.79	 20	 68.66910866910867
7.8	 20	 68.86446886446886
7.81	 20	 68.71794871794872
7.82	 20	 68.74236874236874
7.83	 20	 68.62026862026862
7.84	 20	 68.44932844932845
7.85	 20	 68.71794871794872
7.86	 20	 68.66910866910867
7.87	 20	 68.69352869352869
7.88	 20	 68.62026862026862
7.89	 20	 68.66910866910867
7.9	 20	 68.71794871794872
7.91	 20	 68.44932844932845
7.92	 20	 68.71794871794872
7.93	 20	 68.64468864468864
7.94	 20	 68.71794871794872
7.95	 20	 68.66910866910867
7.96	 20	 68.66910866910867
7.97	 20	 68.5958485958486
7.98	 20	 68.71794871794872
7.99	 20	 68.62026862026862
8	 20	 68.71794871794872
8.01	 20	 68.71794871794872
8.02	 20	 68.74236874236874
8.03	 20	 68.69352869352869
8.04	 20	 68.66910866910867
8.05	 20	 75.8974358974359
8.06	 20	 68.71794871794872
8.07	 20	 68.69352869352869
8.08	 20	 68.84004884004884
8.09	 20	 68.93772893772893
8.1	 20	 68.74236874236874
8.11	 20	 69.01098901098901
8.12	 20	 68.57142857142857
8.13	 20	 68.79120879120879
8.14	 20	 68.76678876678876
8.15	 20	 68.81562881562881
8.16	 20	 68.71794871794872
8.17	 20	 68.74236874236874
8.18	 20	 68.76678876678876
8.19	 20	 68.86446886446886
8.2	 20	 66.88644688644689
8.21	 20	 68.74236874236874
8.22	 20	 68.79120879120879
8.23	 20	 68.86446886446886
8.24	 20	 68.66910866910867
8.25	 20	 68.76678876678876
8.26	 20	 68.81562881562881
8.27	 20	 68.76678876678876
8.28	 20	 68.79120879120879
8.29	 20	 68.84004884004884
8.3	 20	 68.76678876678876
8.31	 20	 68.84004884004884
8.32	 20	 68.91330891330891
8.33	 20	 68.76678876678876
8.34	 20	 68.91330891330891
8.35	 20	 68.81562881562881
8.36	 20	 68.86446886446886
8.37	 20	 68.71794871794872
8.38	 20	 68.81562881562881
8.39	 20	 68.79120879120879
8.4	 20	 68.76678876678876
8.41	 20	 68.81562881562881
8.42	 20	 68.76678876678876
8.43	 20	 68.81562881562881
8.44	 20	 68.81562881562881
8.45	 20	 68.66910866910867
8.46	 20	 68.74236874236874
8.47	 20	 68.64468864468864
8.48	 20	 68.69352869352869
8.49	 20	 68.5958485958486
8.5	 20	 68.74236874236874
8.51	 20	 68.5958485958486
8.52	 20	 68.57142857142857
8.53	 20	 68.74236874236874
8.54	 20	 68.57142857142857
8.55	 20	 68.71794871794872
8.56	 20	 68.57142857142857
8.57	 20	 68.66910866910867
8.58	 20	 68.74236874236874
8.59	 20	 68.64468864468864
8.6	 20	 68.52258852258852
8.61	 20	 68.64468864468864
8.62	 20	 68.5958485958486
8.63	 20	 68.54700854700855
8.64	 20	 68.66910866910867
8.65	 20	 68.5958485958486
8.66	 20	 68.5958485958486
8.67	 20	 68.62026862026862
8.68	 20	 68.69352869352869
8.69	 20	 68.66910866910867
8.7	 20	 68.5958485958486
8.71	 20	 68.57142857142857
8.72	 20	 68.57142857142857
8.73	 20	 68.66910866910867
8.74	 20	 68.64468864468864
8.75	 20	 68.57142857142857
8.76	 20	 68.57142857142857
8.77	 20	 68.54700854700855
8.78	 20	 68.66910866910867
8.79	 20	 68.62026862026862
8.8	 20	 68.5958485958486
8.81	 20	 68.81562881562881
8.82	 20	 68.62026862026862
8.83	 20	 68.57142857142857
8.84	 20	 68.66910866910867
8.85	 20	 68.57142857142857
8.86	 20	 68.64468864468864
8.87	 20	 68.52258852258852
8.88	 20	 68.42490842490842
8.89	 20	 68.44932844932845
8.9	 20	 68.47374847374847
8.91	 20	 68.37606837606837
8.92	 20	 68.2051282051282
8.93	 20	 68.44932844932845
8.94	 20	 68.37606837606837
8.95	 20	 68.44932844932845
8.96	 20	 68.27838827838828
8.97	 20	 68.4004884004884
8.98	 20	 68.3028083028083
8.99	 20	 68.32722832722833
9	 20	 68.37606837606837
9.01	 20	 68.15628815628816
9.02	 20	 68.27838827838828
9.03	 20	 68.25396825396825
9.04	 20	 67.91208791208791
9.05	 20	 68.37606837606837
9.06	 20	 68.15628815628816
9.07	 20	 68.27838827838828
9.08	 20	 68.25396825396825
9.09	 20	 68.27838827838828
9.1	 20	 68.18070818070818
9.11	 20	 68.2051282051282
9.12	 20	 68.2051282051282
9.13	 20	 68.18070818070818
9.14	 20	 68.3028083028083
9.15	 20	 68.22954822954823
9.16	 20	 68.15628815628816
9.17	 20	 68.08302808302808
9.18	 20	 68.44932844932845
9.19	 20	 68.25396825396825
9.2	 20	 68.27838827838828
9.21	 20	 68.27838827838828
9.22	 20	 68.15628815628816
9.23	 20	 68.2051282051282
9.24	 20	 68.25396825396825
9.25	 20	 68.05860805860806
9.26	 20	 68.08302808302808
9.27	 20	 68.18070818070818
9.28	 20	 68.13186813186813
9.29	 20	 68.08302808302808
9.3	 20	 68.00976800976801
9.31	 20	 68.03418803418803
9.32	 20	 67.98534798534799
9.33	 20	 67.93650793650794
9.34	 20	 68.13186813186813
9.35	 20	 67.98534798534799
9.36	 20	 68.08302808302808
9.37	 20	 67.98534798534799
9.38	 20	 68.03418803418803
9.39	 20	 67.76556776556777
9.4	 20	 67.98534798534799
9.41	 20	 66.88644688644689
9.42	 20	 68.00976800976801
9.43	 20	 67.86324786324786
9.44	 20	 67.96092796092796
9.45	 20	 68.03418803418803
9.46	 20	 67.88766788766789
9.47	 20	 69.03540903540903
9.48	 20	 67.96092796092796
9.49	 20	 68.03418803418803
9.5	 20	 67.98534798534799
9.51	 20	 67.98534798534799
9.52	 20	 67.96092796092796
9.53	 20	 67.93650793650794
9.54	 20	 68.00976800976801
9.55	 20	 67.88766788766789
9.56	 20	 67.93650793650794
9.57	 20	 67.93650793650794
9.58	 20	 67.88766788766789
9.59	 20	 67.98534798534799
9.6	 20	 67.47252747252747
9.61	 20	 67.98534798534799
9.62	 20	 67.91208791208791
9.63	 20	 68.15628815628816
9.64	 20	 67.91208791208791
9.65	 20	 67.98534798534799
9.66	 20	 67.91208791208791
9.67	 20	 67.93650793650794
9.68	 20	 67.91208791208791
9.69	 20	 67.86324786324786
9.7	 20	 67.86324786324786
9.71	 20	 67.81440781440782
9.72	 20	 67.98534798534799
9.73	 20	 68.00976800976801
9.74	 20	 67.88766788766789
9.75	 20	 67.78998778998779
9.76	 20	 67.98534798534799
9.77	 20	 67.98534798534799
9.78	 20	 68.00976800976801
9.79	 20	 67.98534798534799
9.8	 20	 68.03418803418803
9.81	 20	 67.88766788766789
9.82	 20	 68.00976800976801
9.83	 20	 67.93650793650794
9.84	 20	 67.88766788766789
9.85	 20	 67.96092796092796
9.86	 20	 68.00976800976801
9.87	 20	 67.98534798534799
9.88	 20	 67.93650793650794
9.89	 20	 68.00976800976801
9.9	 20	 67.98534798534799
9.91	 20	 67.98534798534799
9.92	 20	 67.98534798534799
9.93	 20	 67.98534798534799
9.94	 20	 68.00976800976801
9.95	 20	 67.96092796092796
9.96	 20	 67.98534798534799
9.97	 20	 67.93650793650794
9.98	 20	 67.98534798534799
9.99	 20	 67.98534798534799
10	 20	 67.98534798534799
10.01	 20	 67.96092796092796
10.02	 20	 67.93650793650794
10.03	 20	 67.86324786324786
10.04	 20	 67.86324786324786
10.05	 20	 67.78998778998779
10.06	 20	 67.88766788766789
10.07	 20	 67.93650793650794
10.08	 20	 67.93650793650794
10.09	 20	 67.88766788766789
10.1	 20	 67.88766788766789
10.11	 20	 67.86324786324786
10.12	 20	 67.98534798534799
10.13	 20	 68.08302808302808
10.14	 20	 67.93650793650794
10.15	 20	 68.35164835164835
10.16	 20	 68.22954822954823
10.17	 20	 68.03418803418803
10.18	 20	 68.00976800976801
10.19	 20	 67.98534798534799
10.2	 20	 68.03418803418803
10.21	 20	 68.13186813186813
10.22	 20	 68.05860805860806
10.23	 20	 68.05860805860806
10.24	 20	 68.3028083028083
10.25	 20	 68.15628815628816
10.26	 20	 68.15628815628816
10.27	 20	 70.08547008547009
10.28	 20	 68.03418803418803
10.29	 20	 68.27838827838828
10.3	 30	 68.15628815628816
10.31	 30	 68.15628815628816
10.32	 30	 68.15628815628816
10.33	 30	 68.18070818070818
10.34	 30	 68.27838827838828
10.35	 30	 68.18070818070818
10.36	 30	 68.1074481074481
10.37	 30	 68.2051282051282
10.38	 30	 68.42490842490842
10.39	 30	 68.15628815628816
10.4	 30	 68.15628815628816
10.41	 30	 68.08302808302808
10.42	 30	 68.08302808302808
10.43	 30	 68.13186813186813
10.44	 30	 68.13186813186813
10.45	 30	 68.05860805860806
10.46	 30	 68.05860805860806
10.47	 30	 68.18070818070818
10.48	 30	 68.13186813186813
10.49	 30	 68.05860805860806
10.5	 30	 68.1074481074481
10.51	 30	 68.2051282051282
10.52	 30	 68.13186813186813
10.53	 30	 68.05860805860806
10.54	 30	 68.13186813186813
10.55	 30	 68.15628815628816
10.56	 30	 68.15628815628816
10.57	 30	 68.1074481074481
10.58	 30	 67.98534798534799
10.59	 30	 68.15628815628816
10.6	 30	 68.05860805860806
10.61	 30	 68.08302808302808
10.62	 30	 68.64468864468864
10.63	 30	 68.03418803418803
10.64	 30	 68.00976800976801
10.65	 30	 68.03418803418803
10.66	 30	 67.98534798534799
10.67	 30	 67.81440781440782
10.68	 30	 67.98534798534799
10.69	 30	 67.86324786324786
10.7	 30	 67.66788766788767
10.71	 30	 67.83882783882784
10.72	 30	 67.71672771672772
10.73	 30	 67.52136752136752
10.74	 30	 67.6923076923077
10.75	 30	 67.57020757020757
10.76	 30	 68.44932844932845
10.77	 30	 67.57020757020757
10.78	 30	 67.57020757020757
10.79	 30	 67.54578754578755
10.8	 30	 67.47252747252747
10.81	 30	 67.42368742368743
10.82	 30	 67.4969474969475
10.83	 30	 67.44810744810745
10.84	 30	 67.44810744810745
10.85	 30	 67.4969474969475
10.86	 30	 67.47252747252747
10.87	 30	 67.42368742368743
10.88	 30	 67.3992673992674
10.89	 30	 67.47252747252747
10.9	 30	 67.32600732600733
10.91	 30	 67.35042735042735
10.92	 30	 67.4969474969475
10.93	 30	 67.42368742368743
10.94	 30	 67.37484737484738
10.95	 30	 67.42368742368743
10.96	 30	 67.54578754578755
10.97	 30	 67.44810744810745
10.98	 30	 67.47252747252747
10.99	 30	 67.83882783882784
11	 30	 67.83882783882784
11.01	 30	 68.13186813186813
11.02	 30	 68.54700854700855
11.03	 30	 68.88888888888889
11.04	 30	 69.37728937728937
11.05	 30	 70.13431013431014
11.06	 30	 70.72039072039072
11.07	 30	 71.28205128205128
11.08	 30	 71.84371184371184
11.09	 30	 72.55189255189255
11.1	 30	 73.55311355311355
11.11	 30	 74.35897435897436
11.12	 30	 74.87179487179488
11.13	 30	 75.38461538461539
11.14	 30	 75.75091575091575
11.15	 30	 76.04395604395604
11.16	 30	 76.55677655677655
11.17	 30	 76.77655677655677
11.18	 30	 76.43467643467643
11.19	 30	 77.4114774114774
11.2	 30	 77.46031746031746
11.21	 30	 77.75335775335775
11.22	 30	 77.82661782661782
11.23	 30	 78.02197802197803
11.24	 30	 78.26617826617827
11.25	 30	 78.3882783882784
11.26	 30	 78.43711843711844
11.27	 30	 78.51037851037852
11.28	 30	 78.53479853479854
11.29	 30	 78.68131868131869
11.3	 30	 78.77899877899878
11.31	 30	 78.75457875457876
11.32	 30	 78.80341880341881
11.33	 30	 78.77899877899878
11.34	 30	 78.94993894993895
11.35	 30	 78.97435897435898
11.36	 30	 78.92551892551893
11.37	 30	 78.94993894993895
11.38	 30	 79.04761904761905
11.39	 30	 78.998778998779
11.4	 30	 78.82783882783883
11.41	 30	 78.92551892551893
11.42	 30	 78.998778998779
11.43	 30	 78.92551892551893
11.44	 30	 78.87667887667888
11.45	 30	 78.92551892551893
11.46	 30	 78.77899877899878
11.47	 30	 78.68131868131869
11.48	 30	 78.75457875457876
11.49	 30	 78.68131868131869
11.5	 30	 78.58363858363859
11.51	 30	 78.53479853479854
11.52	 30	 78.48595848595849
11.53	 30	 78.41269841269842
11.54	 30	 78.26617826617827
11.55	 30	 78.36385836385837
11.56	 30	 78.11965811965813
11.57	 30	 78.14407814407815
11.58	 30	 78.21733821733822
11.59	 30	 77.8998778998779
11.6	 30	 78.26617826617827
11.61	 30	 78.07081807081808
11.62	 30	 78.11965811965813
11.63	 30	 78.14407814407815
11.64	 30	 78.58363858363859
11.65	 30	 77.53357753357753
11.66	 30	 78.0952380952381
11.67	 30	 78.02197802197803
11.68	 30	 78.11965811965813
11.69	 30	 78.11965811965813
11.7	 30	 78.04639804639805
11.71	 30	 78.0952380952381
11.72	 30	 78.07081807081808
11.73	 30	 78.02197802197803
11.74	 30	 78.04639804639805
11.75	 30	 77.94871794871794
11.76	 30	 78.1929181929182
11.77	 30	 78.02197802197803
11.78	 30	 78.04639804639805
11.79	 30	 78.04639804639805
11.8	 30	 78.11965811965813
11.81	 30	 78.02197802197803
11.82	 30	 78.04639804639805
11.83	 30	 78.02197802197803
11.84	 30	 78.07081807081808
11.85	 30	 77.94871794871794
11.86	 30	 78.02197802197803
11.87	 30	 78.04639804639805
11.88	 30	 78.07081807081808
11.89	 30	 77.75335775335775
11.9	 30	 78.21733821733822
11.91	 30	 77.82661782661782
11.92	 30	 77.77777777777777
11.93	 30	 77.82661782661782
11.94	 30	 77.65567765567765
11.95	 30	 77.63125763125763
11.96	 30	 77.46031746031746
11.97	 30	 77.26495726495726
11.98	 30	 76.94749694749694
11.99	 30	 77.04517704517704
12	 30	 76.7032967032967
12.01	 30	 76.53235653235653
12.02	 30	 75.48229548229548
12.03	 30	 76.31257631257631
12.04	 30	 76.14163614163614
12.05	 30	 76.06837606837607
12.06	 30	 75.87301587301587
12.07	 30	 75.77533577533578
12.08	 30	 75.67765567765568
12.09	 30	 75.6043956043956
12.1	 30	 75.48229548229548
12.11	 30	 75.43345543345544
12.12	 30	 75.43345543345544
12.13	 30	 75.40903540903541
12.14	 30	 75.40903540903541
12.15	 30	 75.18925518925519
12.16	 30	 75.31135531135531
12.17	 30	 75.36019536019536
12.18	 30	 75.33577533577534
12.19	 30	 75.18925518925519
12.2	 30	 75.33577533577534
12.21	 30	 75.36019536019536
12.22	 30	 75.18925518925519
12.23	 30	 75.21367521367522
12.24	 30	 75.16483516483517
12.25	 30	 75.16483516483517
12.26	 30	 75.18925518925519
12.27	 30	 75.21367521367522
12.28	 30	 75.26251526251527
12.29	 30	 75.16483516483517
12.3	 30	 75.16483516483517
12.31	 30	 75.0915750915751
12.32	 30	 75.14041514041514
12.33	 30	 75.0915750915751
12.34	 30	 75.04273504273505
12.35	 30	 74.993894993895
12.36	 30	 74.993894993895
12.37	 30	 74.96947496947497
12.38	 30	 74.84737484737485
12.39	 30	 74.7008547008547
12.4	 30	 74.67643467643468
12.41	 30	 74.31013431013432
12.42	 30	 74.40781440781441
12.43	 30	 74.52991452991454
12.44	 30	 74.67643467643468
12.45	 30	 74.62759462759463
12.46	 30	 74.48107448107449
12.47	 30	 74.50549450549451
12.48	 30	 74.26129426129427
12.49	 30	 74.23687423687424
12.5	 30	 74.7008547008547
12.51	 30	 74.33455433455434
12.52	 30	 74.38339438339439
12.53	 30	 74.23687423687424
12.54	 30	 74.23687423687424
12.55	 30	 74.23687423687424
12.56	 30	 73.94383394383394
12.57	 30	 74.13919413919415
12.58	 30	 74.23687423687424
12.59	 30	 74.23687423687424
12.6	 30	 74.16361416361417
12.61	 30	 74.23687423687424
12.62	 30	 74.13919413919415
12.63	 30	 74.31013431013432
12.64	 30	 74.21245421245422
12.65	 30	 74.16361416361417
12.66	 30	 74.06593406593407
12.67	 30	 74.11477411477412
12.68	 30	 74.13919413919415
12.69	 30	 74.23687423687424
12.7	 30	 74.11477411477412
12.71	 30	 73.18681318681318
12.72	 30	 74.16361416361417
12.73	 30	 74.0903540903541
12.74	 30	 74.23687423687424
12.75	 30	 74.11477411477412
12.76	 30	 74.13919413919415
12.77	 30	 74.23687423687424
12.78	 30	 74.11477411477412
12.79	 30	 74.0903540903541
12.8	 30	 74.23687423687424
12.81	 30	 74.0903540903541
12.82	 30	 74.06593406593407
12.83	 30	 74.11477411477412
12.84	 30	 73.99267399267399
12.85	 30	 73.94383394383394
12.86	 30	 73.94383394383394
12.87	 30	 73.91941391941391
12.88	 30	 73.94383394383394
12.89	 30	 73.91941391941391
12.9	 30	 73.91941391941391
12.91	 30	 73.94383394383394
12.92	 30	 73.84615384615384
12.93	 30	 73.87057387057386
12.94	 30	 73.91941391941391
12.95	 30	 73.87057387057386
12.96	 30	 73.84615384615384
12.97	 30	 73.87057387057386
12.98	 30	 73.82173382173382
12.99	 30	 73.89499389499389
13	 30	 73.72405372405372
13.01	 30	 73.91941391941391
13.02	 30	 73.74847374847374
13.03	 30	 73.82173382173382
13.04	 30	 73.82173382173382
13.05	 30	 73.82173382173382
13.06	 30	 73.72405372405372
13.07	 30	 73.74847374847374
13.08	 30	 73.5042735042735
13.09	 30	 73.08913308913309
13.1	 30	 73.77289377289377
13.11	 30	 73.55311355311355
13.12	 30	 73.79731379731379
13.13	 30	 73.89499389499389
13.14	 30	 73.82173382173382
13.15	 30	 73.82173382173382
13.16	 30	 73.77289377289377
13.17	 30	 73.79731379731379
13.18	 30	 73.89499389499389
13.19	 30	 73.77289377289377
13.2	 30	 73.67521367521367
13.21	 30	 73.74847374847374
13.22	 30	 73.77289377289377
13.23	 30	 73.82173382173382
13.24	 30	 73.62637362637362
13.25	 30	 73.84615384615384
13.26	 30	 73.79731379731379
13.27	 30	 73.47985347985347
13.28	 30	 73.79731379731379
13.29	 30	 73.77289377289377
13.3	 30	 73.79731379731379
13.31	 30	 73.82173382173382
13.32	 30	 73.74847374847374
13.33	 30	 73.84615384615384
13.34	 30	 73.82173382173382
13.35	 30	 73.77289377289377
13.36	 30	 73.77289377289377
13.37	 30	 73.84615384615384
13.38	 30	 73.82173382173382
13.39	 30	 73.79731379731379
13.4	 30	 73.87057387057386
13.41	 30	 73.82173382173382
13.42	 30	 73.77289377289377
13.43	 30	 73.77289377289377
13.44	 30	 73.94383394383394
13.45	 30	 73.79731379731379
13.46	 30	 73.82173382173382
13.47	 30	 73.84615384615384
13.48	 30	 73.74847374847374
13.49	 30	 73.91941391941391
13.5	 30	 73.89499389499389
13.51	 30	 73.84615384615384
13.52	 30	 74.1880341880342
13.53	 30	 73.79731379731379
13.54	 30	 73.82173382173382
13.55	 30	 73.87057387057386
13.56	 30	 73.67521367521367
13.57	 30	 73.72405372405372
13.58	 30	 73.74847374847374
13.59	 30	 73.89499389499389
13.6	 30	 73.84615384615384
13.61	 30	 73.84615384615384
13.62	 30	 73.82173382173382
13.63	 30	 73.84615384615384
13.64	 30	 73.79731379731379
13.65	 30	 73.77289377289377
13.66	 30	 73.6996336996337
13.67	 30	 73.79731379731379
13.68	 30	 73.74847374847374
13.69	 30	 73.72405372405372
13.7	 30	 73.77289377289377
13.71	 30	 73.77289377289377
13.72	 30	 73.62637362637362
13.73	 30	 73.79731379731379
13.74	 30	 73.65079365079364
13.75	 30	 76.55677655677655
13.76	 30	 73.72405372405372
13.77	 30	 73.77289377289377
13.78	 30	 74.04151404151405
13.79	 30	 74.04151404151405
13.8	 30	 73.6996336996337
13.81	 30	 73.45543345543345
13.82	 30	 73.52869352869352
13.83	 30	 73.6019536019536
13.84	 30	 73.79731379731379
13.85	 30	 73.45543345543345
13.86	 30	 74.06593406593407
13.87	 30	 73.67521367521367
13.88	 30	 73.65079365079364
13.89	 30	 73.62637362637362
13.9	 30	 73.57753357753357
13.91	 30	 73.57753357753357
13.92	 30	 73.57753357753357
13.93	 30	 73.62637362637362
13.94	 30	 73.6996336996337
13.95	 30	 73.62637362637362
13.96	 30	 73.67521367521367
13.97	 30	 73.65079365079364
13.98	 30	 73.43101343101343
13.99	 30	 73.52869352869352
14	 30	 73.62637362637362
14.01	 30	 73.52869352869352
14.02	 30	 73.55311355311355
14.03	 30	 73.6019536019536
14.04	 30	 73.6019536019536
14.05	 30	 73.23565323565323
14.06	 30	 73.72405372405372
14.07	 30	 73.57753357753357
14.08	 30	 73.6019536019536
14.09	 30	 73.55311355311355
14.1	 30	 73.6996336996337
14.11	 30	 73.67521367521367
14.12	 30	 73.52869352869352
14.13	 30	 73.55311355311355
14.14	 30	 73.57753357753357
14.15	 30	 73.47985347985347
14.16	 30	 73.57753357753357
14.17	 30	 73.5042735042735
14.18	 30	 73.52869352869352
14.19	 30	 73.47985347985347
14.2	 30	 73.4065934065934
14.21	 30	 73.57753357753357
14.22	 30	 73.45543345543345
14.23	 30	 73.47985347985347
14.24	 30	 73.47985347985347
14.25	 30	 73.55311355311355
14.26	 30	 73.5042735042735
14.27	 30	 73.52869352869352
14.28	 30	 73.52869352869352
14.29	 30	 73.52869352869352
14.3	 30	 73.47985347985347
14.31	 30	 73.52869352869352
14.32	 30	 73.47985347985347
14.33	 30	 73.55311355311355
14.34	 30	 73.55311355311355
14.35	 30	 73.62637362637362
14.36	 30	 73.35775335775335
14.37	 30	 73.5042735042735
14.38	 30	 73.52869352869352
14.39	 30	 73.5042735042735
14.4	 30	 73.52869352869352
14.41	 30	 73.52869352869352
14.42	 30	 73.47985347985347
14.43	 30	 73.52869352869352
14.44	 30	 73.62637362637362
14.45	 30	 73.52869352869352
14.46	 30	 73.55311355311355
14.47	 30	 73.6019536019536
14.48	 30	 73.52869352869352
14.49	 30	 73.52869352869352
14.5	 30	 73.52869352869352
14.51	 30	 73.47985347985347
14.52	 30	 73.45543345543345
14.53	 30	 73.3089133089133
14.54	 30	 73.47985347985347
14.55	 30	 73.45543345543345
14.56	 30	 73.45543345543345
14.57	 30	 73.55311355311355
14.58	 30	 73.55311355311355
14.59	 30	 73.33333333333333
14.6	 30	 73.52869352869352
14.61	 30	 73.45543345543345
14.62	 30	 73.52869352869352
14.63	 30	 73.35775335775335
14.64	 30	 73.62637362637362
14.65	 30	 73.38217338217338
14.66	 30	 73.5042735042735
14.67	 30	 73.43101343101343
14.68	 30	 73.52869352869352
14.69	 30	 73.52869352869352
14.7	 30	 73.52869352869352
14.71	 30	 73.62637362637362
14.72	 30	 73.43101343101343
14.73	 30	 73.6019536019536
14.74	 30	 73.55311355311355
14.75	 30	 73.55311355311355
14.76	 30	 73.5042735042735
14.77	 30	 73.5042735042735
14.78	 30	 73.5042735042735
14.79	 30	 73.55311355311355
14.8	 30	 73.45543345543345
14.81	 30	 73.4065934065934
14.82	 30	 73.43101343101343
14.83	 30	 73.47985347985347
14.84	 30	 73.43101343101343
14.85	 30	 73.55311355311355
14.86	 30	 73.47985347985347
14.87	 30	 73.23565323565323
14.88	 30	 73.5042735042735
14.89	 30	 73.11355311355311
14.9	 30	 73.43101343101343
14.91	 30	 73.55311355311355
14.92	 30	 73.5042735042735
14.93	 30	 73.52869352869352
14.94	 30	 73.52869352869352
14.95	 30	 73.45543345543345
14.96	 30	 73.47985347985347
14.97	 30	 73.52869352869352
14.98	 30	 73.5042735042735
14.99	 30	 73.5042735042735
15	 30	 73.47985347985347
15.01	 30	 73.47985347985347
15.02	 30	 73.62637362637362
15.03	 30	 73.6019536019536
15.04	 30	 73.62637362637362
15.05	 30	 72.47863247863248
15.06	 30	 73.6996336996337
15.07	 30	 73.74847374847374
15.08	 30	 73.74847374847374
15.09	 30	 74.28571428571429
15.1	 30	 73.47985347985347
15.11	 30	 73.67521367521367
15.12	 30	 73.57753357753357
15.13	 30	 73.62637362637362
15.14	 30	 73.72405372405372
15.15	 30	 73.6996336996337
15.16	 30	 73.57753357753357
15.17	 30	 73.52869352869352
15.18	 30	 73.6019536019536
15.19	 30	 73.6019536019536
15.2	 30	 73.62637362637362
15.21	 30	 73.6019536019536
15.22	 30	 73.67521367521367
15.23	 30	 73.62637362637362
15.24	 30	 73.67521367521367
15.25	 30	 73.5042735042735
15.26	 30	 73.6019536019536
15.27	 30	 73.6019536019536
15.28	 30	 73.67521367521367
15.29	 30	 73.65079365079364
15.3	 30	 73.6019536019536
15.31	 30	 73.62637362637362
15.32	 30	 73.52869352869352
15.33	 30	 73.6019536019536
15.34	 30	 73.57753357753357
15.35	 30	 73.45543345543345
15.36	 30	 73.45543345543345
15.37	 30	 73.47985347985347
15.38	 30	 73.6019536019536
15.39	 30	 73.52869352869352
15.4	 30	 73.5042735042735
15.41	 30	 73.23565323565323
15.42	 30	 73.52869352869352
15.43	 30	 73.43101343101343
15.44	 30	 73.38217338217338
15.45	 30	 73.94383394383394
15.46	 30	 73.5042735042735
15.47	 30	 73.47985347985347
15.48	 30	 73.45543345543345
15.49	 30	 73.52869352869352
15.5	 30	 73.52869352869352
15.51	 30	 73.47985347985347
15.52	 30	 73.47985347985347
15.53	 30	 73.52869352869352
15.54	 30	 73.57753357753357
15.55	 30	 73.6019536019536
15.56	 30	 73.62637362637362
15.57	 30	 73.55311355311355
15.58	 30	 73.55311355311355
15.59	 30	 73.55311355311355
15.6	 30	 73.52869352869352
15.61	 30	 73.65079365079364
15.62	 30	 73.52869352869352
15.63	 30	 73.57753357753357
15.64	 30	 73.55311355311355
15.65	 30	 73.67521367521367
15.66	 30	 73.62637362637362
15.67	 30	 73.65079365079364
15.68	 30	 73.74847374847374
15.69	 30	 73.52869352869352
15.7	 30	 73.6996336996337
15.71	 30	 73.55311355311355
15.72	 30	 73.45543345543345
15.73	 30	 73.55311355311355
15.74	 30	 73.52869352869352
15.75	 30	 73.6019536019536
15.76	 30	 73.52869352869352
15.77	 30	 73.52869352869352
15.78	 30	 73.45543345543345
15.79	 30	 73.62637362637362
15.8	 30	 73.52869352869352
15.81	 30	 73.52869352869352
15.82	 30	 73.62637362637362
15.83	 30	 73.57753357753357
15.84	 30	 73.52869352869352
15.85	 30	 73.65079365079364
15.86	 30	 73.55311355311355
15.87	 30	 73.62637362637362
15.88	 30	 73.5042735042735
15.89	 30	 73.45543345543345
15.9	 30	 73.55311355311355
15.91	 30	 73.52869352869352
15.92	 30	 73.47985347985347
15.93	 30	 73.47985347985347
15.94	 30	 73.5042735042735
15.95	 30	 73.47985347985347
15.96	 30	 73.38217338217338
15.97	 30	 73.5042735042735
15.98	 30	 73.26007326007326
15.99	 30	 73.47985347985347
16	 30	 73.45543345543345
16.01	 30	 73.45543345543345
16.02	 30	 73.52869352869352
16.03	 30	 73.55311355311355
16.04	 30	 73.52869352869352
16.05	 30	 73.6019536019536
16.06	 30	 73.52869352869352
16.07	 30	 73.84615384615384
16.08	 30	 73.6019536019536
16.09	 30	 73.72405372405372
16.1	 30	 74.06593406593407
16.11	 30	 73.55311355311355
16.12	 30	 73.52869352869352
16.13	 30	 73.89499389499389
16.14	 30	 73.52869352869352
16.15	 30	 73.65079365079364
16.16	 30	 73.6019536019536
16.17	 30	 73.6019536019536
16.18	 30	 73.62637362637362
16.19	 30	 73.47985347985347
16.2	 30	 73.52869352869352
16.21	 30	 73.45543345543345
16.22	 30	 73.47985347985347
16.23	 30	 73.6019536019536
16.24	 30	 73.43101343101343
16.25	 30	 73.26007326007326
16.26	 30	 73.3089133089133
16.27	 30	 71.57509157509158
16.28	 30	 73.23565323565323
16.29	 30	 73.4065934065934
16.3	 30	 73.35775335775335
16.31	 30	 73.3089133089133
16.32	 30	 73.26007326007326
16.33	 30	 73.35775335775335
16.34	 30	 73.3089133089133
16.35	 30	 73.4065934065934
16.36	 30	 73.33333333333333
16.37	 30	 73.28449328449328
16.38	 30	 73.43101343101343
16.39	 30	 73.4065934065934
16.4	 30	 73.35775335775335
16.41	 30	 73.35775335775335
16.42	 30	 73.28449328449328
16.43	 30	 73.43101343101343
16.44	 30	 73.23565323565323
16.45	 30	 73.43101343101343
16.46	 30	 73.38217338217338
16.47	 30	 73.33333333333333
16.48	 30	 73.45543345543345
16.49	 30	 73.38217338217338
16.5	 30	 73.28449328449328
16.51	 30	 73.26007326007326
16.52	 30	 73.26007326007326
16.53	 30	 73.33333333333333
16.54	 30	 73.2112332112332
16.55	 30	 73.28449328449328
16.56	 30	 73.33333333333333
16.57	 30	 73.35775335775335
16.58	 30	 73.5042735042735
16.59	 30	 73.3089133089133
16.6	 30	 73.35775335775335
16.61	 30	 73.33333333333333
16.62	 30	 73.35775335775335
16.63	 30	 73.43101343101343
16.64	 30	 73.35775335775335
16.65	 30	 73.43101343101343
16.66	 30	 73.35775335775335
16.67	 30	 73.26007326007326
16.68	 30	 73.35775335775335
16.69	 30	 73.28449328449328
16.7	 30	 73.35775335775335
16.71	 30	 73.26007326007326
16.72	 30	 73.23565323565323
16.73	 30	 73.55311355311355
16.74	 30	 73.33333333333333
16.75	 30	 73.35775335775335
16.76	 30	 73.16239316239316
16.77	 30	 73.4065934065934
16.78	 30	 73.33333333333333
16.79	 30	 73.5042735042735
16.8	 30	 73.33333333333333
16.81	 30	 73.45543345543345
16.82	 30	 73.28449328449328
16.83	 30	 73.33333333333333
16.84	 30	 73.35775335775335
16.85	 30	 73.4065934065934
16.86	 30	 73.35775335775335
16.87	 30	 73.52869352869352
16.88	 30	 73.33333333333333
16.89	 30	 73.33333333333333
16.9	 30	 73.3089133089133
16.91	 30	 73.18681318681318
16.92	 30	 73.28449328449328
16.93	 30	 73.18681318681318
16.94	 30	 73.2112332112332
16.95	 30	 73.6019536019536
16.96	 30	 73.38217338217338
16.97	 30	 73.4065934065934
16.98	 30	 73.43101343101343
16.99	 30	 73.4065934065934
17	 30	 73.33333333333333
17.01	 30	 73.4065934065934
17.02	 30	 73.3089133089133
17.03	 30	 73.33333333333333
17.04	 30	 73.45543345543345
17.05	 30	 73.43101343101343
17.06	 30	 73.35775335775335
17.07	 30	 73.45543345543345
17.08	 30	 73.35775335775335
17.09	 30	 73.33333333333333
17.1	 30	 73.4065934065934
17.11	 30	 73.4065934065934
17.12	 30	 72.99145299145299
17.13	 30	 73.33333333333333
17.14	 30	 73.35775335775335
17.15	 30	 73.4065934065934
17.16	 30	 73.47985347985347
17.17	 30	 73.28449328449328
17.18	 30	 73.35775335775335
17.19	 30	 73.35775335775335
17.2	 30	 72.55189255189255
17.21	 30	 73.28449328449328
17.22	 30	 73.2112332112332
17.23	 30	 73.13797313797313
17.24	 30	 72.77167277167277
17.25	 30	 73.28449328449328
17.26	 30	 73.3089133089133
17.27	 30	 73.06471306471306
17.28	 30	 73.23565323565323
17.29	 30	 73.33333333333333
17.3	 30	 73.47985347985347
17.31	 30	 73.13797313797313
17.32	 30	 73.23565323565323
17.33	 30	 73.45543345543345
17.34	 30	 73.26007326007326
17.35	 30	 73.18681318681318
17.36	 30	 73.26007326007326
17.37	 30	 73.5042735042735
17.38	 30	 72.82051282051282
17.39	 30	 73.52869352869352
17.4	 30	 73.33333333333333
17.41	 30	 73.23565323565323
17.42	 30	 73.3089133089133
17.43	 30	 73.26007326007326
17.44	 30	 73.33333333333333
17.45	 30	 73.26007326007326
17.46	 30	 73.18681318681318
17.47	 30	 73.16239316239316
17.48	 30	 73.3089133089133
17.49	 30	 73.23565323565323
17.5	 30	 73.38217338217338
17.51	 30	 73.33333333333333
17.52	 30	 73.18681318681318
17.53	 30	 73.33333333333333
17.54	 30	 73.28449328449328
17.55	 30	 73.16239316239316
17.56	 30	 73.28449328449328
17.57	 30	 73.28449328449328
17.58	 30	 73.26007326007326
17.59	 30	 73.3089133089133
17.6	 30	 73.28449328449328
17.61	 30	 73.35775335775335
17.62	 30	 73.28449328449328
17.63	 30	 73.26007326007326
17.64	 30	 72.7960927960928
17.65	 30	 73.16239316239316
17.66	 30	 73.33333333333333
17.67	 30	 73.23565323565323
17.68	 30	 73.3089133089133
17.69	 30	 73.26007326007326
17.7	 30	 73.08913308913309
17.71	 30	 73.16239316239316
17.72	 30	 73.4065934065934
17.73	 30	 73.33333333333333
17.74	 30	 73.18681318681318
17.75	 30	 73.06471306471306
17.76	 30	 73.28449328449328
17.77	 30	 73.13797313797313
17.78	 30	 73.28449328449328
17.79	 30	 73.26007326007326
17.8	 30	 73.33333333333333
17.81	 30	 73.23565323565323
17.82	 30	 73.08913308913309
17.83	 30	 73.28449328449328
17.84	 30	 73.35775335775335
17.85	 30	 73.35775335775335
17.86	 30	 73.28449328449328
17.87	 30	 73.28449328449328
17.88	 30	 73.4065934065934
17.89	 30	 73.26007326007326
17.9	 30	 73.3089133089133
17.91	 30	 73.3089133089133
17.92	 30	 73.23565323565323
17.93	 30	 73.13797313797313
17.94	 30	 73.11355311355311
17.95	 30	 73.13797313797313
17.96	 30	 72.84493284493284
17.97	 30	 73.18681318681318
17.98	 30	 73.26007326007326
17.99	 30	 73.26007326007326
18	 30	 73.11355311355311
18.01	 30	 73.35775335775335
18.02	 30	 73.26007326007326
18.03	 30	 73.26007326007326
18.04	 30	 73.45543345543345
18.05	 30	 73.4065934065934
18.06	 30	 73.52869352869352
18.07	 30	 73.08913308913309
18.08	 30	 73.43101343101343
18.09	 30	 73.33333333333333
18.1	 30	 73.26007326007326
18.11	 30	 73.33333333333333
18.12	 30	 73.18681318681318
18.13	 30	 73.26007326007326
18.14	 30	 73.26007326007326
18.15	 30	 73.2112332112332
18.16	 30	 73.2112332112332
18.17	 30	 73.23565323565323
18.18	 30	 73.26007326007326
18.19	 30	 72.96703296703296
18.2	 30	 72.25885225885226
18.21	 30	 73.23565323565323
18.22	 30	 73.28449328449328
18.23	 30	 73.4065934065934
18.24	 30	 73.2112332112332
18.25	 30	 73.3089133089133
18.26	 30	 73.16239316239316
18.27	 30	 73.23565323565323
18.28	 30	 73.18681318681318
18.29	 30	 73.18681318681318
18.3	 30	 73.18681318681318
18.31	 30	 73.23565323565323
18.32	 30	 73.26007326007326
18.33	 30	 73.35775335775335
18.34	 30	 73.2112332112332
18.35	 30	 73.11355311355311
18.36	 30	 73.26007326007326
18.37	 30	 73.16239316239316
18.38	 30	 73.47985347985347
18.39	 30	 73.18681318681318
18.4	 30	 73.16239316239316
18.41	 30	 73.26007326007326
18.42	 30	 73.3089133089133
18.43	 30	 73.13797313797313
18.44	 30	 73.18681318681318
18.45	 30	 73.11355311355311
18.46	 30	 73.13797313797313
18.47	 30	 73.08913308913309
18.48	 30	 72.7960927960928
18.49	 30	 73.13797313797313
18.5	 30	 73.26007326007326
18.51	 30	 73.08913308913309
18.52	 30	 73.13797313797313
18.53	 30	 73.3089133089133
18.54	 30	 73.08913308913309
18.55	 30	 73.2112332112332
18.56	 30	 73.26007326007326
18.57	 30	 71.77045177045177
18.58	 30	 73.28449328449328
18.59	 30	 73.2112332112332
18.6	 30	 73.23565323565323
18.61	 30	 73.13797313797313
18.62	 30	 73.26007326007326
18.63	 30	 73.26007326007326
18.64	 30	 73.13797313797313
18.65	 30	 73.08913308913309
18.66	 30	 73.16239316239316
18.67	 30	 73.23565323565323
18.68	 30	 73.2112332112332
18.69	 30	 73.2112332112332
18.7	 30	 73.13797313797313
18.71	 30	 73.23565323565323
18.72	 30	 73.28449328449328
18.73	 30	 73.16239316239316
18.74	 30	 73.18681318681318
18.75	 30	 73.3089133089133
18.76	 30	 73.28449328449328
18.77	 30	 73.35775335775335
18.78	 30	 73.23565323565323
18.79	 30	 73.26007326007326
18.8	 30	 73.26007326007326
18.81	 30	 73.26007326007326
18.82	 30	 71.25763125763126
18.83	 30	 73.28449328449328
18.84	 30	 73.82173382173382
18.85	 30	 73.2112332112332
18.86	 30	 73.28449328449328
18.87	 30	 73.16239316239316
18.88	 30	 73.26007326007326
18.89	 30	 73.28449328449328
18.9	 30	 73.2112332112332
18.91	 30	 73.26007326007326
18.92	 30	 73.23565323565323
18.93	 30	 73.26007326007326
18.94	 30	 73.26007326007326
18.95	 30	 73.26007326007326
18.96	 30	 73.2112332112332
18.97	 30	 73.23565323565323
18.98	 30	 73.26007326007326
18.99	 30	 73.13797313797313
19	 30	 73.43101343101343
19.01	 30	 73.28449328449328
19.02	 30	 73.43101343101343
19.03	 30	 73.3089133089133
19.04	 30	 73.23565323565323
19.05	 30	 73.4065934065934
19.06	 30	 73.4065934065934
19.07	 30	 73.35775335775335
19.08	 30	 73.26007326007326
19.09	 30	 73.28449328449328
19.1	 30	 73.35775335775335
19.11	 30	 73.33333333333333
19.12	 30	 73.28449328449328
19.13	 30	 73.26007326007326
19.14	 30	 73.38217338217338
19.15	 30	 73.26007326007326
19.16	 30	 73.4065934065934
19.17	 30	 73.33333333333333
19.18	 30	 73.26007326007326
19.19	 30	 73.3089133089133
19.2	 30	 73.33333333333333
19.21	 30	 74.01709401709402
19.22	 30	 73.2112332112332
19.23	 30	 73.33333333333333
19.24	 30	 73.26007326007326
19.25	 30	 73.26007326007326
19.26	 30	 73.13797313797313
19.27	 30	 73.26007326007326
19.28	 30	 73.26007326007326
19.29	 30	 73.33333333333333
19.3	 30	 73.13797313797313
19.31	 30	 73.26007326007326
19.32	 30	 73.13797313797313
19.33	 30	 73.13797313797313
19.34	 30	 73.38217338217338
19.35	 30	 73.23565323565323
19.36	 30	 73.2112332112332
19.37	 30	 73.06471306471306
19.38	 30	 73.06471306471306
19.39	 30	 73.2112332112332
19.4	 30	 73.2112332112332
19.41	 30	 73.13797313797313
19.42	 30	 73.23565323565323
19.43	 30	 73.23565323565323
19.44	 30	 73.16239316239316
19.45	 30	 73.2112332112332
19.46	 30	 73.13797313797313
19.47	 30	 73.2112332112332
19.48	 30	 73.23565323565323
19.49	 30	 73.3089133089133
19.5	 30	 73.26007326007326
19.51	 30	 73.2112332112332
19.52	 30	 73.3089133089133
19.53	 30	 74.62759462759463
19.54	 30	 73.08913308913309
19.55	 30	 73.35775335775335
19.56	 30	 73.4065934065934
19.57	 30	 73.11355311355311
19.58	 30	 73.38217338217338
19.59	 30	 73.16239316239316
19.6	 30	 73.28449328449328
19.61	 30	 73.11355311355311
19.62	 30	 73.18681318681318
19.63	 30	 73.2112332112332
19.64	 30	 73.26007326007326
19.65	 30	 73.13797313797313
19.66	 30	 73.26007326007326
19.67	 30	 73.35775335775335
19.68	 30	 73.23565323565323
19.69	 30	 73.23565323565323
19.7	 30	 73.26007326007326
19.71	 30	 73.13797313797313
19.72	 30	 73.16239316239316
19.73	 30	 73.18681318681318
19.74	 30	 73.2112332112332
19.75	 30	 73.3089133089133
19.76	 30	 73.01587301587301
19.77	 30	 73.33333333333333
19.78	 30	 73.23565323565323
19.79	 30	 73.18681318681318
19.8	 30	 72.99145299145299
19.81	 30	 73.26007326007326
19.82	 30	 73.13797313797313
19.83	 30	 73.13797313797313
19.84	 30	 73.16239316239316
19.85	 30	 73.16239316239316
19.86	 30	 73.06471306471306
19.87	 30	 73.08913308913309
19.88	 30	 73.18681318681318
19.89	 30	 73.26007326007326
19.9	 30	 73.2112332112332
19.91	 30	 73.18681318681318
19.92	 30	 73.23565323565323
19.93	 30	 73.13797313797313
19.94	 30	 73.13797313797313
19.95	 30	 73.18681318681318
19.96	 30	 73.11355311355311
19.97	 30	 73.2112332112332
19.98	 30	 73.2112332112332
19.99	 30	 73.26007326007326
20	 30	 73.13797313797313
20.01	 30	 72.96703296703296
20.02	 30	 73.13797313797313
20.03	 30	 73.23565323565323
20.04	 30	 73.28449328449328
20.05	 30	 73.28449328449328
20.06	 30	 73.26007326007326
20.07	 30	 73.5042735042735
20.08	 30	 73.26007326007326
20.09	 30	 73.16239316239316
20.1	 30	 73.13797313797313
20.11	 30	 73.2112332112332
20.12	 30	 73.13797313797313
20.13	 30	 72.94261294261294
20.14	 30	 70.91575091575092
20.15	 30	 73.06471306471306
20.16	 30	 73.06471306471306
20.17	 30	 73.13797313797313
20.18	 30	 73.2112332112332
20.19	 30	 73.13797313797313
20.2	 30	 73.23565323565323
20.21	 30	 73.16239316239316
20.22	 30	 73.16239316239316
20.23	 30	 73.16239316239316
20.24	 30	 73.11355311355311
20.25	 30	 73.2112332112332
20.26	 30	 73.11355311355311
20.27	 30	 73.13797313797313
20.28	 30	 73.16239316239316
20.29	 30	 73.23565323565323
20.3	 30	 73.13797313797313
20.31	 30	 73.08913308913309
20.32	 30	 73.26007326007326
20.33	 30	 73.13797313797313
20.34	 30	 73.23565323565323
20.35	 30	 73.13797313797313
20.36	 30	 73.2112332112332
20.37	 30	 73.16239316239316
20.38	 30	 73.13797313797313
20.39	 30	 73.28449328449328
20.4	 30	 73.26007326007326
20.41	 30	 72.96703296703296
20.42	 30	 73.2112332112332
20.43	 30	 73.16239316239316
20.44	 30	 73.16239316239316
20.45	 30	 72.96703296703296
20.46	 30	 73.13797313797313
20.47	 30	 73.13797313797313
20.48	 30	 73.16239316239316
20.49	 30	 73.45543345543345
20.5	 30	 73.11355311355311
20.51	 30	 73.13797313797313
20.52	 30	 72.57631257631257
20.53	 30	 73.13797313797313
20.54	 30	 73.23565323565323
20.55	 30	 73.23565323565323
20.56	 30	 73.5042735042735
20.57	 30	 73.08913308913309
20.58	 30	 73.13797313797313
20.59	 30	 73.11355311355311
20.6	 30	 73.2112332112332
20.61	 30	 73.16239316239316
20.62	 30	 73.11355311355311
20.63	 30	 73.13797313797313
20.64	 30	 73.18681318681318
20.65	 30	 72.35653235653236
20.66	 30	 73.16239316239316
20.67	 30	 73.13797313797313
20.68	 30	 72.82051282051282
20.69	 30	 73.08913308913309
20.7	 30	 73.2112332112332
20.71	 30	 73.08913308913309
20.72	 30	 73.16239316239316
20.73	 30	 73.5042735042735
20.74	 30	 73.23565323565323
20.75	 30	 73.28449328449328
20.76	 30	 73.23565323565323
20.77	 30	 73.26007326007326
20.78	 30	 73.28449328449328
20.79	 30	 73.13797313797313
20.8	 30	 73.2112332112332
20.81	 30	 73.16239316239316
20.82	 30	 73.23565323565323
20.83	 30	 73.18681318681318
20.84	 30	 73.2112332112332
20.85	 30	 73.16239316239316
20.86	 30	 73.13797313797313
20.87	 30	 73.26007326007326
20.88	 30	 73.13797313797313
20.89	 30	 73.06471306471306
20.9	 30	 73.11355311355311
20.91	 30	 73.13797313797313
20.92	 30	 73.26007326007326
20.93	 30	 73.26007326007326
20.94	 30	 73.13797313797313
20.95	 30	 73.23565323565323
20.96	 30	 73.13797313797313
20.97	 30	 73.2112332112332
20.98	 30	 73.43101343101343
20.99	 30	 73.26007326007326
21	 30	 73.28449328449328
21.01	 30	 73.28449328449328
21.02	 30	 73.28449328449328
21.03	 30	 73.28449328449328
21.04	 30	 73.23565323565323
21.05	 30	 73.3089133089133
21.06	 30	 73.3089133089133
21.07	 30	 73.23565323565323
21.08	 30	 73.4065934065934
21.09	 30	 73.26007326007326
21.1	 30	 73.16239316239316
21.11	 30	 73.26007326007326
21.12	 30	 73.23565323565323
21.13	 30	 73.33333333333333
21.14	 30	 73.13797313797313
21.15	 30	 73.23565323565323
21.16	 30	 73.26007326007326
21.17	 30	 73.13797313797313
21.18	 30	 73.23565323565323
21.19	 30	 73.2112332112332
21.2	 30	 73.13797313797313
21.21	 30	 73.2112332112332
21.22	 30	 73.26007326007326
21.23	 30	 73.26007326007326
21.24	 30	 73.3089133089133
21.25	 30	 73.23565323565323
21.26	 30	 73.2112332112332
21.27	 30	 73.3089133089133
21.28	 30	 73.13797313797313
21.29	 30	 73.28449328449328
21.3	 30	 73.3089133089133
21.31	 30	 73.23565323565323
21.32	 30	 73.33333333333333
21.33	 30	 73.4065934065934
21.34	 30	 73.3089133089133
21.35	 30	 73.23565323565323
21.36	 30	 73.26007326007326
21.37	 30	 73.16239316239316
21.38	 30	 73.13797313797313
21.39	 30	 73.2112332112332
21.4	 30	 73.26007326007326
21.41	 30	 73.23565323565323
21.42	 30	 73.16239316239316
21.43	 30	 73.2112332112332
21.44	 30	 73.11355311355311
21.45	 30	 73.2112332112332
21.46	 30	 73.23565323565323
21.47	 30	 73.23565323565323
21.48	 30	 73.23565323565323
21.49	 30	 73.23565323565323
21.5	 30	 73.23565323565323
21.51	 30	 73.35775335775335
21.52	 30	 73.26007326007326
21.53	 30	 73.23565323565323
21.54	 30	 73.26007326007326
21.55	 30	 73.13797313797313
21.56	 30	 73.13797313797313
21.57	 30	 73.18681318681318
21.58	 30	 73.4065934065934
21.59	 30	 73.26007326007326
21.6	 30	 73.23565323565323
21.61	 30	 73.13797313797313
21.62	 30	 73.43101343101343
21.63	 30	 73.3089133089133
21.64	 30	 73.28449328449328
21.65	 30	 73.33333333333333
21.66	 30	 73.2112332112332
21.67	 30	 73.35775335775335
21.68	 30	 73.33333333333333
21.69	 30	 73.28449328449328
21.7	 30	 73.43101343101343
21.71	 30	 73.45543345543345
21.72	 30	 73.26007326007326
21.73	 30	 73.33333333333333
21.74	 30	 73.28449328449328
21.75	 30	 73.23565323565323
21.76	 30	 73.23565323565323
21.77	 30	 73.26007326007326
21.78	 30	 73.26007326007326
21.79	 30	 73.45543345543345
21.8	 30	 73.26007326007326
21.81	 30	 73.26007326007326
21.82	 30	 73.28449328449328
21.83	 30	 73.28449328449328
21.84	 30	 73.65079365079364
21.85	 30	 73.2112332112332
21.86	 30	 73.28449328449328
21.87	 30	 73.26007326007326
21.88	 30	 73.16239316239316
21.89	 30	 73.26007326007326
21.9	 30	 73.23565323565323
21.91	 30	 73.26007326007326
21.92	 30	 73.26007326007326
21.93	 30	 73.3089133089133
21.94	 30	 73.26007326007326
21.95	 30	 73.23565323565323
21.96	 30	 73.13797313797313
21.97	 30	 73.26007326007326
21.98	 30	 73.23565323565323
21.99	 30	 73.28449328449328
22	 30	 73.08913308913309
22.01	 30	 73.43101343101343
22.02	 30	 73.13797313797313
22.03	 30	 73.28449328449328
22.04	 30	 73.2112332112332
22.05	 30	 73.26007326007326
22.06	 30	 72.96703296703296
22.07	 30	 73.2112332112332
22.08	 30	 73.26007326007326
22.09	 30	 73.2112332112332
22.1	 30	 72.89377289377289
22.11	 30	 73.26007326007326
22.12	 30	 73.26007326007326
22.13	 30	 73.23565323565323
22.14	 30	 73.3089133089133
22.15	 30	 73.08913308913309
22.16	 30	 73.18681318681318
22.17	 30	 73.26007326007326
22.18	 30	 73.11355311355311
22.19	 30	 73.26007326007326
22.2	 30	 73.2112332112332
22.21	 30	 73.13797313797313
22.22	 30	 73.26007326007326
22.23	 30	 73.08913308913309
22.24	 30	 73.33333333333333
22.25	 30	 74.11477411477412
22.26	 30	 73.26007326007326
22.27	 30	 73.28449328449328
22.28	 30	 73.35775335775335
22.29	 30	 73.26007326007326
22.3	 30	 73.84615384615384
22.31	 30	 73.2112332112332
22.32	 30	 73.28449328449328
22.33	 30	 73.04029304029304
22.34	 30	 73.28449328449328
22.35	 30	 73.16239316239316
22.36	 30	 73.11355311355311
22.37	 30	 73.18681318681318
22.38	 30	 73.16239316239316
22.39	 30	 73.13797313797313
22.4	 30	 73.08913308913309
22.41	 30	 73.13797313797313
22.42	 30	 72.94261294261294
22.43	 30	 73.13797313797313
22.44	 30	 73.2112332112332
22.45	 30	 73.13797313797313
22.46	 30	 73.11355311355311
22.47	 30	 73.18681318681318
22.48	 30	 74.28571428571429
22.49	 30	 73.08913308913309
22.5	 30	 73.13797313797313
22.51	 30	 73.13797313797313
22.52	 30	 73.13797313797313
22.53	 30	 73.06471306471306
22.54	 30	 72.99145299145299
22.55	 30	 73.13797313797313
22.56	 30	 73.13797313797313
22.57	 30	 73.23565323565323
22.58	 30	 73.13797313797313
22.59	 30	 73.13797313797313
22.6	 30	 73.08913308913309
22.61	 30	 73.13797313797313
22.62	 30	 73.13797313797313
22.63	 30	 73.11355311355311
22.64	 30	 73.2112332112332
22.65	 30	 73.06471306471306
22.66	 30	 73.06471306471306
22.67	 30	 73.16239316239316
22.68	 30	 73.13797313797313
22.69	 30	 73.13797313797313
22.7	 30	 73.2112332112332
22.71	 30	 73.16239316239316
22.72	 30	 73.2112332112332
22.73	 30	 73.11355311355311
22.74	 30	 73.11355311355311
22.75	 30	 73.08913308913309
22.76	 30	 73.16239316239316
22.77	 30	 72.7960927960928
22.78	 30	 73.08913308913309
22.79	 30	 73.13797313797313
22.8	 30	 73.06471306471306
22.81	 30	 73.11355311355311
22.82	 30	 73.11355311355311
22.83	 30	 73.11355311355311
22.84	 30	 73.06471306471306
22.85	 30	 73.08913308913309
22.86	 30	 73.11355311355311
22.87	 30	 73.04029304029304
22.88	 30	 73.06471306471306
22.89	 30	 72.94261294261294
22.9	 30	 73.01587301587301
22.91	 30	 72.94261294261294
22.92	 30	 73.06471306471306
22.93	 30	 72.94261294261294
22.94	 30	 73.01587301587301
22.95	 30	 72.94261294261294
22.96	 30	 72.96703296703296
22.97	 30	 72.74725274725274
22.98	 30	 73.04029304029304
22.99	 30	 73.06471306471306
23	 30	 73.04029304029304
23.01	 30	 72.86935286935287
23.02	 30	 72.99145299145299
23.03	 30	 73.04029304029304
23.04	 30	 72.47863247863248
23.05	 30	 73.06471306471306
23.06	 30	 72.96703296703296
23.07	 30	 73.06471306471306
23.08	 30	 73.08913308913309
23.09	 30	 73.06471306471306
23.1	 30	 72.55189255189255
23.11	 30	 73.35775335775335
23.12	 30	 73.13797313797313
23.13	 30	 73.06471306471306
23.14	 30	 73.04029304029304
23.15	 30	 73.13797313797313
23.16	 30	 73.18681318681318
23.17	 30	 73.06471306471306
23.18	 30	 73.06471306471306
23.19	 30	 73.04029304029304
23.2	 30	 73.06471306471306
23.21	 30	 73.06471306471306
23.22	 30	 73.06471306471306
23.23	 30	 73.01587301587301
23.24	 30	 72.96703296703296
23.25	 30	 72.94261294261294
23.26	 30	 72.94261294261294
23.27	 30	 73.06471306471306
23.28	 30	 73.01587301587301
23.29	 30	 72.96703296703296
23.3	 30	 73.06471306471306
23.31	 30	 72.64957264957265
23.32	 30	 72.96703296703296
23.33	 30	 72.86935286935287
23.34	 30	 72.94261294261294
23.35	 30	 73.01587301587301
23.36	 30	 72.91819291819291
23.37	 30	 72.96703296703296
23.38	 30	 72.94261294261294
23.39	 30	 72.96703296703296
23.4	 30	 72.94261294261294
23.41	 30	 73.01587301587301
23.42	 30	 72.74725274725274
23.43	 30	 72.86935286935287
23.44	 30	 72.94261294261294
23.45	 30	 72.91819291819291
23.46	 30	 70.23199023199024
23.47	 30	 72.89377289377289
23.48	 30	 72.84493284493284
23.49	 30	 73.06471306471306
23.5	 30	 72.84493284493284
23.51	 30	 74.31013431013432
23.52	 30	 72.91819291819291
23.53	 30	 72.89377289377289
23.54	 30	 72.84493284493284
23.55	 30	 73.06471306471306
23.56	 30	 72.7960927960928
23.57	 30	 73.11355311355311
23.58	 30	 72.96703296703296
23.59	 30	 72.96703296703296
23.6	 30	 72.91819291819291
23.61	 30	 72.84493284493284
23.62	 30	 72.94261294261294
23.63	 30	 72.84493284493284
23.64	 30	 72.91819291819291
23.65	 30	 73.01587301587301
23.66	 30	 72.96703296703296
23.67	 30	 72.7960927960928
23.68	 30	 72.91819291819291
23.69	 30	 72.96703296703296
23.7	 30	 72.91819291819291
23.71	 30	 72.91819291819291
23.72	 30	 72.96703296703296
23.73	 30	 73.01587301587301
23.74	 30	 72.7960927960928
23.75	 30	 72.91819291819291
23.76	 30	 72.96703296703296
23.77	 30	 72.96703296703296
23.78	 30	 72.96703296703296
23.79	 30	 73.01587301587301
23.8	 30	 72.84493284493284
23.81	 30	 73.04029304029304
23.82	 30	 72.84493284493284
23.83	 30	 72.67399267399267
23.84	 30	 72.94261294261294
23.85	 30	 72.82051282051282
23.86	 30	 72.96703296703296
23.87	 30	 72.96703296703296
23.88	 30	 73.01587301587301
23.89	 30	 72.94261294261294
23.9	 30	 72.96703296703296
23.91	 30	 73.01587301587301
23.92	 30	 72.94261294261294
23.93	 30	 73.04029304029304
23.94	 30	 73.01587301587301
23.95	 30	 73.04029304029304
23.96	 30	 73.01587301587301
23.97	 30	 73.94383394383394
23.98	 30	 72.96703296703296
23.99	 30	 72.91819291819291
24	 30	 72.94261294261294
24.01	 30	 73.08913308913309
24.02	 30	 73.08913308913309
24.03	 30	 73.04029304029304
24.04	 30	 73.08913308913309
24.05	 30	 73.06471306471306
24.06	 30	 73.11355311355311
24.07	 30	 72.72283272283272
24.08	 30	 73.06471306471306
24.09	 30	 73.11355311355311
24.1	 30	 73.11355311355311
24.11	 30	 72.96703296703296
24.12	 30	 72.96703296703296
24.13	 30	 73.06471306471306
24.14	 30	 72.84493284493284
24.15	 30	 73.01587301587301
24.16	 30	 72.94261294261294
24.17	 30	 72.94261294261294
24.18	 30	 72.89377289377289
24.19	 30	 72.96703296703296
24.2	 30	 72.96703296703296
24.21	 30	 72.91819291819291
24.22	 30	 72.89377289377289
24.23	 30	 72.91819291819291
24.24	 30	 72.94261294261294
24.25	 30	 72.91819291819291
24.26	 30	 72.84493284493284
24.27	 30	 72.84493284493284
24.28	 30	 72.84493284493284
24.29	 30	 72.96703296703296
24.3	 30	 72.96703296703296
24.31	 30	 72.86935286935287
24.32	 30	 72.74725274725274
24.33	 30	 73.4065934065934
24.34	 30	 72.91819291819291
24.35	 30	 72.84493284493284
24.36	 30	 72.08791208791209
24.37	 30	 72.84493284493284
24.38	 30	 72.84493284493284
24.39	 30	 72.45421245421245
24.4	 30	 72.7960927960928
24.41	 30	 72.82051282051282
24.42	 30	 72.84493284493284
24.43	 30	 72.84493284493284
24.44	 30	 72.94261294261294
24.45	 30	 73.08913308913309
24.46	 30	 72.7960927960928
24.47	 30	 72.84493284493284
24.48	 30	 72.84493284493284
24.49	 30	 72.89377289377289
24.5	 30	 72.74725274725274
24.51	 30	 73.3089133089133
24.52	 30	 72.84493284493284
24.53	 30	 72.89377289377289
24.54	 30	 72.96703296703296
24.55	 30	 72.86935286935287
24.56	 30	 72.74725274725274
24.57	 30	 72.84493284493284
24.58	 30	 72.74725274725274
24.59	 30	 72.84493284493284
24.6	 30	 72.84493284493284
24.61	 30	 72.84493284493284
24.62	 30	 72.82051282051282
24.63	 30	 72.84493284493284
24.64	 30	 73.01587301587301
24.65	 30	 72.82051282051282
24.66	 30	 72.82051282051282
24.67	 30	 72.55189255189255
24.68	 30	 72.84493284493284
24.69	 30	 72.84493284493284
24.7	 30	 72.82051282051282
24.71	 30	 72.84493284493284
24.72	 30	 72.7960927960928
24.73	 30	 72.77167277167277
24.74	 30	 73.01587301587301
24.75	 30	 72.74725274725274
24.76	 30	 72.84493284493284
24.77	 30	 72.84493284493284
24.78	 30	 72.82051282051282
24.79	 30	 72.82051282051282
24.8	 30	 72.7960927960928
24.81	 30	 72.91819291819291
24.82	 30	 72.84493284493284
24.83	 30	 72.7960927960928
24.84	 30	 72.74725274725274
24.85	 30	 72.7960927960928
24.86	 30	 72.74725274725274
24.87	 30	 72.82051282051282
24.88	 30	 72.82051282051282
24.89	 30	 72.89377289377289
24.9	 30	 72.84493284493284
24.91	 30	 72.84493284493284
24.92	 30	 72.84493284493284
24.93	 30	 72.82051282051282
24.94	 30	 72.91819291819291
24.95	 30	 72.89377289377289
24.96	 30	 72.84493284493284
24.97	 30	 72.91819291819291
24.98	 30	 72.89377289377289
24.99	 30	 72.96703296703296
