0	 30	 72.11233211233211
0.01	 30	 72.18559218559218
0.02	 30	 72.18559218559218
0.03	 30	 72.18559218559218
0.04	 30	 72.35653235653236
0.05	 30	 72.21001221001221
0.06	 30	 72.23443223443223
0.07	 30	 72.52747252747253
0.08	 30	 72.08791208791209
0.09	 30	 72.16117216117216
0.1	 30	 72.13675213675214
0.11	 30	 72.16117216117216
0.12	 30	 72.25885225885226
0.13	 30	 72.11233211233211
0.14	 30	 72.08791208791209
0.15	 30	 71.15995115995116
0.16	 30	 72.38095238095238
0.17	 30	 72.11233211233211
0.18	 30	 72.06349206349206
0.19	 30	 72.11233211233211
0.2	 30	 72.06349206349206
0.21	 30	 72.23443223443223
0.22	 30	 72.13675213675214
0.23	 30	 72.08791208791209
0.24	 30	 72.08791208791209
0.25	 30	 72.18559218559218
0.26	 30	 72.13675213675214
0.27	 30	 72.21001221001221
0.28	 30	 72.11233211233211
0.29	 30	 72.13675213675214
0.3	 30	 72.16117216117216
0.31	 30	 72.11233211233211
0.32	 30	 72.13675213675214
0.33	 30	 72.03907203907204
0.34	 30	 71.8925518925519
0.35	 30	 72.13675213675214
0.36	 30	 72.08791208791209
0.37	 30	 72.06349206349206
0.38	 30	 72.06349206349206
0.39	 30	 72.6984126984127
0.4	 30	 71.99023199023199
0.41	 30	 71.57509157509158
0.42	 30	 72.18559218559218
0.43	 30	 72.08791208791209
0.44	 30	 72.16117216117216
0.45	 30	 71.99023199023199
0.46	 30	 72.13675213675214
0.47	 30	 72.13675213675214
0.48	 30	 72.13675213675214
0.49	 30	 72.16117216117216
0.5	 30	 72.06349206349206
0.51	 30	 72.01465201465201
0.52	 30	 72.08791208791209
0.53	 30	 72.3076923076923
0.54	 30	 71.8925518925519
0.55	 30	 72.06349206349206
0.56	 30	 71.99023199023199
0.57	 30	 72.16117216117216
0.58	 30	 71.96581196581197
0.59	 30	 71.91697191697192
0.6	 30	 71.81929181929182
0.61	 30	 72.01465201465201
0.62	 30	 72.01465201465201
0.63	 30	 72.03907203907204
0.64	 30	 72.03907203907204
0.65	 30	 71.86813186813187
0.66	 30	 71.96581196581197
0.67	 30	 71.99023199023199
0.68	 30	 72.03907203907204
0.69	 30	 71.99023199023199
0.7	 30	 72.06349206349206
0.71	 30	 72.06349206349206
0.72	 30	 72.06349206349206
0.73	 30	 72.16117216117216
0.74	 30	 72.16117216117216
0.75	 30	 72.06349206349206
0.76	 30	 72.01465201465201
0.77	 30	 72.18559218559218
0.78	 30	 72.25885225885226
0.79	 30	 72.03907203907204
0.8	 30	 72.13675213675214
0.81	 30	 72.06349206349206
0.82	 30	 72.13675213675214
0.83	 30	 72.11233211233211
0.84	 30	 72.13675213675214
0.85	 30	 72.03907203907204
0.86	 30	 71.77045177045177
0.87	 30	 72.08791208791209
0.88	 30	 72.01465201465201
0.89	 30	 71.99023199023199
0.9	 30	 72.11233211233211
0.91	 30	 72.06349206349206
0.92	 30	 72.08791208791209
0.93	 30	 72.03907203907204
0.94	 30	 72.08791208791209
0.95	 30	 72.18559218559218
0.96	 30	 72.21001221001221
0.97	 30	 71.99023199023199
0.98	 30	 72.06349206349206
0.99	 30	 72.03907203907204
1	 30	 72.03907203907204
1.01	 30	 72.03907203907204
1.02	 30	 72.18559218559218
1.03	 30	 72.13675213675214
1.04	 30	 72.21001221001221
1.05	 30	 72.13675213675214
1.06	 30	 72.18559218559218
1.07	 30	 72.62515262515262
1.08	 30	 72.18559218559218
1.09	 30	 72.13675213675214
1.1	 30	 72.18559218559218
1.11	 30	 72.06349206349206
1.12	 30	 72.06349206349206
1.13	 30	 72.33211233211233
1.14	 30	 72.11233211233211
1.15	 30	 72.03907203907204
1.16	 30	 72.13675213675214
1.17	 30	 72.11233211233211
1.18	 30	 72.08791208791209
1.19	 30	 72.16117216117216
1.2	 30	 72.03907203907204
1.21	 30	 72.01465201465201
1.22	 30	 72.11233211233211
1.23	 30	 72.18559218559218
1.24	 30	 72.11233211233211
1.25	 30	 72.06349206349206
1.26	 30	 72.08791208791209
1.27	 30	 72.06349206349206
1.28	 30	 72.08791208791209
1.29	 30	 72.13675213675214
1.3	 30	 71.99023199023199
1.31	 30	 71.99023199023199
1.32	 30	 72.06349206349206
1.33	 30	 71.91697191697192
1.34	 30	 72.03907203907204
1.35	 30	 72.08791208791209
1.36	 30	 71.96581196581197
1.37	 30	 72.01465201465201
1.38	 30	 72.06349206349206
1.39	 30	 72.03907203907204
1.4	 30	 72.08791208791209
1.41	 30	 71.99023199023199
1.42	 30	 71.99023199023199
1.43	 30	 72.08791208791209
1.44	 30	 71.67277167277167
1.45	 30	 72.03907203907204
1.46	 30	 72.13675213675214
1.47	 30	 72.01465201465201
1.48	 30	 72.06349206349206
1.49	 30	 71.99023199023199
1.5	 30	 72.57631257631257
1.51	 30	 71.99023199023199
1.52	 30	 71.94139194139194
1.53	 30	 71.99023199023199
1.54	 30	 71.99023199023199
1.55	 30	 72.08791208791209
1.56	 30	 71.96581196581197
1.57	 30	 71.99023199023199
1.58	 30	 71.94139194139194
1.59	 30	 72.01465201465201
1.6	 30	 72.01465201465201
1.61	 30	 72.06349206349206
1.62	 30	 72.06349206349206
1.63	 30	 72.08791208791209
1.64	 30	 71.74603174603175
1.65	 30	 72.06349206349206
1.66	 30	 71.81929181929182
1.67	 30	 71.96581196581197
1.68	 30	 71.99023199023199
1.69	 30	 71.96581196581197
1.7	 30	 72.01465201465201
1.71	 30	 72.03907203907204
1.72	 30	 71.96581196581197
1.73	 30	 72.03907203907204
1.74	 30	 72.01465201465201
1.75	 30	 71.96581196581197
1.76	 30	 72.03907203907204
1.77	 30	 71.99023199023199
1.78	 30	 72.03907203907204
1.79	 30	 71.99023199023199
1.8	 30	 71.99023199023199
1.81	 30	 72.03907203907204
1.82	 30	 71.96581196581197
1.83	 30	 72.11233211233211
1.84	 30	 71.8925518925519
1.85	 30	 72.21001221001221
1.86	 30	 72.06349206349206
1.87	 30	 72.18559218559218
1.88	 30	 72.03907203907204
1.89	 30	 72.03907203907204
1.9	 30	 71.94139194139194
1.91	 30	 72.03907203907204
1.92	 30	 71.94139194139194
1.93	 30	 71.8925518925519
1.94	 30	 72.23443223443223
1.95	 30	 71.99023199023199
1.96	 30	 71.5995115995116
1.97	 30	 72.01465201465201
1.98	 30	 72.06349206349206
1.99	 30	 71.86813186813187
2	 30	 71.86813186813187
2.01	 30	 72.03907203907204
2.02	 30	 72.06349206349206
2.03	 30	 71.25763125763126
2.04	 30	 72.01465201465201
2.05	 30	 71.96581196581197
2.06	 30	 72.3076923076923
2.07	 30	 71.8925518925519
2.08	 30	 71.99023199023199
2.09	 30	 71.96581196581197
2.1	 30	 71.96581196581197
2.11	 30	 71.86813186813187
2.12	 30	 71.96581196581197
2.13	 30	 71.8925518925519
2.14	 30	 71.91697191697192
2.15	 30	 71.86813186813187
2.16	 30	 71.96581196581197
2.17	 30	 71.96581196581197
2.18	 30	 71.8925518925519
2.19	 30	 71.99023199023199
2.2	 30	 71.74603174603175
2.21	 30	 71.8925518925519
2.22	 30	 71.86813186813187
2.23	 30	 71.8925518925519
2.24	 30	 71.94139194139194
2.25	 30	 71.8925518925519
2.26	 30	 71.99023199023199
2.27	 30	 71.8925518925519
2.28	 30	 71.96581196581197
2.29	 30	 71.96581196581197
2.3	 30	 71.96581196581197
2.31	 30	 71.94139194139194
2.32	 30	 72.01465201465201
2.33	 30	 71.8925518925519
2.34	 30	 72.13675213675214
2.35	 30	 72.01465201465201
2.36	 30	 71.94139194139194
2.37	 30	 71.96581196581197
2.38	 30	 71.96581196581197
2.39	 30	 71.8925518925519
2.4	 30	 72.38095238095238
2.41	 30	 71.84371184371184
2.42	 30	 71.91697191697192
2.43	 30	 72.18559218559218
2.44	 30	 71.96581196581197
2.45	 30	 70.67155067155068
2.46	 30	 71.96581196581197
2.47	 30	 71.94139194139194
2.48	 30	 71.84371184371184
2.49	 30	 71.99023199023199
2.5	 30	 71.96581196581197
2.51	 30	 71.99023199023199
2.52	 30	 71.94139194139194
2.53	 30	 71.99023199023199
2.54	 30	 71.8925518925519
2.55	 30	 71.94139194139194
2.56	 30	 71.99023199023199
2.57	 30	 71.99023199023199
2.58	 30	 71.91697191697192
2.59	 30	 71.91697191697192
2.6	 30	 71.86813186813187
2.61	 30	 71.94139194139194
2.62	 30	 71.91697191697192
2.63	 30	 71.94139194139194
2.64	 30	 71.96581196581197
2.65	 30	 72.03907203907204
2.66	 30	 72.03907203907204
2.67	 30	 71.99023199023199
2.68	 30	 71.91697191697192
2.69	 30	 71.86813186813187
2.7	 30	 71.96581196581197
2.71	 30	 71.99023199023199
2.72	 30	 71.91697191697192
2.73	 30	 71.96581196581197
2.74	 30	 71.99023199023199
2.75	 30	 72.01465201465201
2.76	 30	 71.96581196581197
2.77	 30	 72.67399267399267
2.78	 30	 71.86813186813187
2.79	 30	 71.99023199023199
2.8	 30	 71.94139194139194
2.81	 30	 71.84371184371184
2.82	 30	 71.96581196581197
2.83	 30	 72.35653235653236
2.84	 30	 71.86813186813187
2.85	 30	 72.03907203907204
2.86	 30	 71.86813186813187
2.87	 30	 71.91697191697192
2.88	 30	 71.99023199023199
2.89	 30	 71.96581196581197
2.9	 30	 72.01465201465201
2.91	 30	 71.84371184371184
2.92	 30	 71.91697191697192
2.93	 30	 72.03907203907204
2.94	 30	 71.94139194139194
2.95	 30	 71.94139194139194
2.96	 30	 71.96581196581197
2.97	 30	 72.35653235653236
2.98	 30	 71.91697191697192
2.99	 30	 71.86813186813187
3	 30	 71.99023199023199
3.01	 30	 72.01465201465201
3.02	 30	 71.96581196581197
3.03	 30	 71.86813186813187
3.04	 30	 72.11233211233211
3.05	 30	 72.01465201465201
3.06	 30	 71.86813186813187
3.07	 30	 71.96581196581197
3.08	 30	 71.99023199023199
3.09	 30	 71.18437118437119
3.1	 30	 71.94139194139194
3.11	 30	 71.94139194139194
3.12	 30	 71.96581196581197
3.13	 30	 71.96581196581197
3.14	 30	 71.84371184371184
3.15	 30	 72.03907203907204
3.16	 30	 71.96581196581197
3.17	 30	 71.96581196581197
3.18	 30	 72.06349206349206
3.19	 30	 72.11233211233211
3.2	 30	 71.91697191697192
3.21	 30	 71.96581196581197
3.22	 30	 71.99023199023199
3.23	 30	 72.01465201465201
3.24	 30	 71.5995115995116
3.25	 30	 71.84371184371184
3.26	 30	 71.96581196581197
3.27	 30	 72.08791208791209
3.28	 30	 71.96581196581197
3.29	 30	 71.96581196581197
3.3	 30	 71.96581196581197
3.31	 30	 71.99023199023199
3.32	 30	 71.91697191697192
3.33	 30	 71.99023199023199
3.34	 30	 71.86813186813187
3.35	 30	 71.99023199023199
3.36	 30	 71.94139194139194
3.37	 30	 71.91697191697192
3.38	 30	 72.03907203907204
3.39	 30	 72.08791208791209
3.4	 30	 72.01465201465201
3.41	 30	 72.06349206349206
3.42	 30	 72.18559218559218
3.43	 30	 72.08791208791209
3.44	 30	 72.01465201465201
3.45	 30	 71.7948717948718
3.46	 30	 72.08791208791209
3.47	 30	 71.91697191697192
3.48	 30	 71.99023199023199
3.49	 30	 72.03907203907204
3.5	 30	 71.96581196581197
3.51	 30	 71.96581196581197
3.52	 30	 72.11233211233211
3.53	 30	 71.96581196581197
3.54	 30	 72.74725274725274
3.55	 30	 72.03907203907204
3.56	 30	 71.86813186813187
3.57	 30	 71.96581196581197
3.58	 30	 71.55067155067155
3.59	 30	 71.96581196581197
3.6	 30	 71.86813186813187
3.61	 30	 71.8925518925519
3.62	 30	 71.96581196581197
3.63	 30	 71.99023199023199
3.64	 30	 71.6971916971917
3.65	 30	 72.03907203907204
3.66	 30	 71.99023199023199
3.67	 30	 71.99023199023199
3.68	 30	 71.96581196581197
3.69	 30	 72.16117216117216
3.7	 30	 71.8925518925519
3.71	 30	 71.99023199023199
3.72	 30	 71.91697191697192
3.73	 30	 71.96581196581197
3.74	 30	 71.96581196581197
3.75	 30	 71.57509157509158
3.76	 30	 71.8925518925519
3.77	 30	 71.18437118437119
3.78	 30	 71.94139194139194
3.79	 30	 71.91697191697192
3.8	 30	 71.99023199023199
3.81	 30	 72.03907203907204
3.82	 30	 71.8925518925519
3.83	 30	 71.99023199023199
3.84	 30	 72.18559218559218
3.85	 30	 71.8925518925519
3.86	 30	 71.86813186813187
3.87	 30	 71.99023199023199
3.88	 30	 71.8925518925519
3.89	 30	 71.91697191697192
3.9	 30	 71.91697191697192
3.91	 30	 71.94139194139194
3.92	 30	 71.8925518925519
3.93	 30	 71.91697191697192
3.94	 30	 71.91697191697192
3.95	 30	 71.91697191697192
3.96	 30	 71.99023199023199
3.97	 30	 71.91697191697192
3.98	 30	 71.91697191697192
3.99	 30	 71.8925518925519
4	 30	 71.96581196581197
4.01	 30	 71.91697191697192
4.02	 30	 71.96581196581197
4.03	 30	 71.99023199023199
4.04	 30	 71.96581196581197
4.05	 30	 72.01465201465201
4.06	 30	 71.99023199023199
4.07	 30	 71.8925518925519
4.08	 30	 71.8925518925519
4.09	 30	 72.55189255189255
4.1	 30	 71.94139194139194
4.11	 30	 71.94139194139194
4.12	 30	 71.94139194139194
4.13	 30	 71.94139194139194
4.14	 30	 71.8925518925519
4.15	 30	 71.8925518925519
4.16	 30	 71.84371184371184
4.17	 30	 71.7948717948718
4.18	 30	 71.91697191697192
4.19	 30	 71.91697191697192
4.2	 30	 71.8925518925519
4.21	 30	 71.8925518925519
4.22	 30	 71.86813186813187
4.23	 30	 71.96581196581197
4.24	 30	 71.7948717948718
4.25	 30	 71.86813186813187
4.26	 30	 72.03907203907204
4.27	 30	 71.86813186813187
4.28	 30	 71.8925518925519
4.29	 30	 71.57509157509158
4.3	 30	 71.84371184371184
4.31	 30	 71.81929181929182
4.32	 30	 71.86813186813187
4.33	 30	 71.91697191697192
4.34	 30	 71.72161172161172
4.35	 30	 71.96581196581197
4.36	 30	 71.86813186813187
4.37	 30	 71.8925518925519
4.38	 30	 71.86813186813187
4.39	 30	 71.86813186813187
4.4	 30	 71.8925518925519
4.41	 30	 71.7948717948718
4.42	 30	 71.72161172161172
4.43	 30	 71.7948717948718
4.44	 30	 71.6971916971917
4.45	 30	 71.7948717948718
4.46	 30	 71.72161172161172
4.47	 30	 71.52625152625153
4.48	 30	 71.6971916971917
4.49	 30	 71.62393162393163
4.5	 30	 71.62393162393163
4.51	 30	 71.67277167277167
4.52	 30	 71.6971916971917
4.53	 30	 71.77045177045177
4.54	 30	 71.6971916971917
4.55	 30	 71.7948717948718
4.56	 30	 71.6971916971917
4.57	 30	 71.84371184371184
4.58	 30	 71.6971916971917
4.59	 30	 71.8925518925519
4.6	 30	 71.77045177045177
4.61	 30	 72.55189255189255
4.62	 30	 71.67277167277167
4.63	 30	 71.7948717948718
4.64	 30	 71.86813186813187
4.65	 30	 71.7948717948718
4.66	 30	 71.52625152625153
4.67	 30	 71.81929181929182
4.68	 30	 71.77045177045177
4.69	 30	 71.84371184371184
4.7	 30	 71.45299145299145
4.71	 30	 71.77045177045177
4.72	 30	 71.81929181929182
4.73	 30	 72.08791208791209
4.74	 30	 71.86813186813187
4.75	 30	 71.86813186813187
4.76	 30	 71.91697191697192
4.77	 30	 71.81929181929182
4.78	 30	 71.86813186813187
4.79	 30	 71.7948717948718
4.8	 30	 71.74603174603175
4.81	 30	 71.96581196581197
4.82	 30	 71.84371184371184
4.83	 30	 71.86813186813187
4.84	 30	 71.8925518925519
4.85	 30	 71.91697191697192
4.86	 30	 71.96581196581197
4.87	 30	 71.8925518925519
4.88	 30	 71.84371184371184
4.89	 30	 71.8925518925519
4.9	 30	 71.86813186813187
4.91	 30	 71.94139194139194
4.92	 30	 71.99023199023199
4.93	 30	 71.86813186813187
4.94	 30	 71.8925518925519
4.95	 30	 72.03907203907204
4.96	 30	 71.81929181929182
4.97	 30	 71.84371184371184
4.98	 30	 71.81929181929182
4.99	 30	 71.84371184371184
5	 0	 71.81929181929182
5.01	 0	 71.86813186813187
5.02	 0	 71.74603174603175
5.03	 0	 71.8925518925519
5.04	 0	 71.99023199023199
5.05	 0	 71.91697191697192
5.06	 0	 71.91697191697192
5.07	 0	 71.99023199023199
5.08	 0	 71.96581196581197
5.09	 0	 71.81929181929182
5.1	 0	 71.81929181929182
5.11	 0	 71.91697191697192
5.12	 0	 71.99023199023199
5.13	 0	 71.8925518925519
5.14	 0	 71.99023199023199
5.15	 0	 71.91697191697192
5.16	 0	 71.8925518925519
5.17	 0	 71.8925518925519
5.18	 0	 71.86813186813187
5.19	 0	 71.91697191697192
5.2	 0	 71.8925518925519
5.21	 0	 71.99023199023199
5.22	 0	 71.8925518925519
5.23	 0	 71.84371184371184
5.24	 0	 71.7948717948718
5.25	 0	 71.99023199023199
5.26	 0	 71.77045177045177
5.27	 0	 71.91697191697192
5.28	 0	 71.55067155067155
5.29	 0	 71.84371184371184
5.3	 0	 71.84371184371184
5.31	 0	 71.8925518925519
5.32	 0	 71.91697191697192
5.33	 0	 71.86813186813187
5.34	 0	 71.94139194139194
5.35	 0	 71.86813186813187
5.36	 0	 71.91697191697192
5.37	 0	 71.94139194139194
5.38	 0	 71.86813186813187
5.39	 0	 71.77045177045177
5.4	 0	 71.84371184371184
5.41	 0	 71.86813186813187
5.42	 0	 71.94139194139194
5.43	 0	 71.86813186813187
5.44	 0	 71.84371184371184
5.45	 0	 71.77045177045177
5.46	 0	 71.81929181929182
5.47	 0	 71.7948717948718
5.48	 0	 71.6971916971917
5.49	 0	 71.7948717948718
5.5	 0	 71.81929181929182
5.51	 0	 71.7948717948718
5.52	 0	 71.67277167277167
5.53	 0	 71.84371184371184
5.54	 0	 71.7948717948718
5.55	 0	 71.74603174603175
5.56	 0	 71.67277167277167
5.57	 0	 71.6971916971917
5.58	 0	 71.84371184371184
5.59	 0	 71.7948717948718
5.6	 0	 72.13675213675214
5.61	 0	 71.72161172161172
5.62	 0	 71.7948717948718
5.63	 0	 71.74603174603175
5.64	 0	 71.84371184371184
5.65	 0	 71.7948717948718
5.66	 0	 71.72161172161172
5.67	 0	 71.72161172161172
5.68	 0	 71.11111111111111
5.69	 0	 70.42735042735043
5.7	 0	 69.35286935286935
5.71	 0	 68.13186813186813
5.72	 0	 66.88644688644689
5.73	 0	 65.2014652014652
5.74	 0	 63.68742368742369
5.75	 0	 62.002442002442
5.76	 0	 59.75579975579976
5.77	 0	 57.85103785103785
5.78	 0	 56.214896214896214
5.79	 0	 54.38339438339438
5.8	 0	 52.94261294261294
5.81	 0	 51.52625152625153
5.82	 0	 50.06105006105006
5.83	 0	 48.717948717948715
5.84	 0	 47.37484737484738
5.85	 0	 46.71550671550671
5.86	 0	 45.763125763125764
5.87	 0	 44.76190476190476
5.88	 0	 44.12698412698413
5.89	 0	 43.614163614163616
5.9	 0	 43.07692307692308
5.91	 0	 42.36874236874237
5.92	 0	 42.05128205128205
5.93	 0	 42.22222222222222
5.94	 0	 41.41636141636142
5.95	 0	 41.221001221001224
5.96	 0	 40.9035409035409
5.97	 0	 40.8058608058608
5.98	 0	 40.56166056166056
5.99	 0	 40.34188034188034
6	 0	 40.21978021978022
6.01	 0	 40.195360195360195
6.02	 0	 40.146520146520146
6.03	 0	 39.92673992673993
6.04	 0	 39.87789987789988
6.05	 0	 40
6.06	 0	 39.853479853479854
6.07	 0	 39.87789987789988
6.08	 0	 39.804639804639805
6.09	 0	 39.70695970695971
6.1	 0	 39.65811965811966
6.11	 0	 39.53601953601954
6.12	 0	 39.53601953601954
6.13	 0	 39.53601953601954
6.14	 0	 39.51159951159951
6.15	 0	 39.48717948717949
6.16	 0	 39.56043956043956
6.17	 0	 39.53601953601954
6.18	 0	 39.51159951159951
6.19	 0	 39.48717948717949
6.2	 0	 39.36507936507937
6.21	 0	 39.072039072039075
6.22	 0	 38.63247863247863
6.23	 0	 38.095238095238095
6.24	 0	 37.28937728937729
6.25	 0	 36.28815628815629
6.26	 0	 34.74969474969475
6.27	 0	 33.35775335775336
6.28	 0	 32.185592185592185
6.29	 0	 30.98901098901099
6.3	 0	 29.67032967032967
6.31	 0	 28.424908424908423
6.32	 0	 27.155067155067155
6.33	 0	 26.007326007326007
6.34	 0	 24.90842490842491
6.35	 0	 23.785103785103786
6.36	 0	 22.832722832722833
6.37	 0	 21.953601953601954
6.38	 0	 21.074481074481074
6.39	 0	 20.366300366300365
6.4	 0	 19.706959706959708
6.41	 0	 19.12087912087912
6.42	 0	 18.534798534798536
6.43	 0	 18.24175824175824
6.44	 0	 17.802197802197803
6.45	 0	 17.313797313797313
6.46	 0	 17.06959706959707
6.47	 0	 16.825396825396826
6.48	 0	 16.41025641025641
6.49	 0	 16.263736263736263
6.5	 0	 15.995115995115995
6.51	 0	 15.84859584859585
6.52	 0	 15.702075702075701
6.53	 0	 15.677655677655677
6.54	 0	 15.457875457875458
6.55	 0	 15.311355311355312
6.56	 0	 15.14041514041514
6.57	 0	 14.945054945054945
6.58	 0	 14.554334554334554
6.59	 0	 14.261294261294262
6.6	 0	 13.821733821733822
6.61	 0	 13.21123321123321
6.62	 0	 12.673992673992673
6.63	 0	 12.307692307692308
6.64	 0	 11.746031746031745
6.65	 0	 11.184371184371184
6.66	 0	 10.793650793650794
6.67	 0	 10.012210012210012
6.68	 0	 9.548229548229548
6.69	 0	 9.157509157509157
6.7	 0	 8.742368742368742
6.71	 0	 8.424908424908425
6.72	 0	 8.083028083028083
6.73	 0	 7.7655677655677655
6.74	 0	 7.521367521367521
6.75	 0	 7.155067155067155
6.76	 0	 6.95970695970696
6.77	 0	 6.813186813186813
6.78	 0	 6.593406593406593
6.79	 0	 6.52014652014652
6.8	 0	 6.3247863247863245
6.81	 0	 6.227106227106227
6.82	 0	 6.031746031746032
6.83	 0	 6.105006105006105
6.84	 0	 5.836385836385836
6.85	 0	 5.86080586080586
6.86	 0	 5.86080586080586
6.87	 0	 5.5677655677655675
6.88	 0	 5.714285714285714
6.89	 0	 5.592185592185592
6.9	 0	 5.592185592185592
6.91	 0	 5.616605616605616
6.92	 0	 5.445665445665446
6.93	 0	 5.543345543345543
6.94	 0	 5.47008547008547
6.95	 0	 5.372405372405372
6.96	 0	 5.25030525030525
6.97	 0	 4.590964590964591
6.98	 0	 4.786324786324786
6.99	 0	 4.493284493284493
7	 0	 3.785103785103785
7.01	 0	 3.4432234432234434
7.02	 0	 2.954822954822955
7.03	 0	 2.735042735042735
7.04	 0	 2.148962148962149
7.05	 0	 1.8315018315018314
7.06	 0	 1.6117216117216118
7.07	 0	 1.1721611721611722
7.08	 0	 0.9768009768009768
7.09	 0	 0.6593406593406593
7.1	 0	 0.463980463980464
7.11	 0	 0.04884004884004884
7.12	 0	 0
7.13	 0	 0
7.14	 0	 0
7.15	 0	 0
7.16	 0	 0
7.17	 0	 0
7.18	 0	 0
7.19	 0	 0
7.2	 0	 0
7.21	 0	 0
7.22	 0	 0
7.23	 0	 0
7.24	 0	 0
7.25	 0	 0
7.26	 0	 0
7.27	 0	 0
7.28	 0	 0
7.29	 0	 0
7.3	 0	 0
7.31	 0	 0
7.32	 0	 0
7.33	 0	 0
7.34	 0	 0
7.35	 0	 0
7.36	 0	 0
7.37	 0	 0
7.38	 0	 0
7.39	 0	 0
7.4	 0	 0
7.41	 0	 0
7.42	 0	 0
7.43	 0	 0
7.44	 0	 0
7.45	 0	 0
7.46	 0	 0
7.47	 0	 0
7.48	 0	 0
7.49	 0	 0
7.5	 0	 0
7.51	 0	 0
7.52	 0	 0
7.53	 0	 0
7.54	 0	 0
7.55	 0	 0
7.56	 0	 0
7.57	 0	 0
7.58	 0	 0
7.59	 0	 0
7.6	 0	 0
7.61	 0	 0
7.62	 0	 0
7.63	 0	 0
7.64	 0	 0
7.65	 0	 0
7.66	 0	 0
7.67	 0	 0
7.68	 0	 0
7.69	 0	 0
7.7	 0	 0
7.71	 0	 0
7.72	 0	 0
7.73	 0	 0
7.74	 0	 0
7.75	 0	 0
7.76	 0	 0
7.77	 0	 0
7.78	 0	 0
7.79	 0	 0
7.8	 0	 0
7.81	 0	 0
7.82	 0	 0
7.83	 0	 0
7.84	 0	 0
7.85	 0	 0
7.86	 0	 0
7.87	 0	 0
7.88	 0	 0
7.89	 0	 0
7.9	 0	 0
7.91	 0	 0
7.92	 0	 0
7.93	 0	 0
7.94	 0	 0
7.95	 0	 0
7.96	 0	 0
7.97	 0	 0
7.98	 0	 0
7.99	 0	 0
8	 0	 0
8.01	 0	 0
8.02	 0	 0
8.03	 0	 0
8.04	 0	 0
8.05	 0	 0
8.06	 0	 0
8.07	 0	 0
8.08	 0	 0
8.09	 0	 0
8.1	 0	 0
8.11	 0	 0
8.12	 0	 0
8.13	 0	 0
8.14	 0	 0
8.15	 0	 0
8.16	 0	 0
8.17	 0	 0
8.18	 0	 0
8.19	 0	 0
8.2	 0	 0
8.21	 0	 0
8.22	 0	 0
8.23	 0	 0
8.24	 0	 0
8.25	 0	 0
8.26	 0	 0
8.27	 0	 0
8.28	 0	 0
8.29	 0	 0
8.3	 0	 0
8.31	 0	 0
8.32	 0	 0
8.33	 0	 0
8.34	 0	 0
8.35	 0	 0
8.36	 0	 0
8.37	 0	 0
8.38	 0	 0
8.39	 0	 0
8.4	 0	 0
8.41	 0	 0
8.42	 0	 0
8.43	 0	 0
8.44	 0	 0
8.45	 0	 0
8.46	 0	 0
8.47	 0	 0
8.48	 0	 0
8.49	 0	 0
8.5	 0	 0
8.51	 0	 0
8.52	 0	 0
8.53	 0	 0
8.54	 0	 0
8.55	 0	 0
8.56	 0	 0
8.57	 0	 0
8.58	 0	 0
8.59	 0	 0
8.6	 0	 0
8.61	 0	 0
8.62	 0	 0
8.63	 0	 0
8.64	 0	 0
8.65	 0	 0
8.66	 0	 0
8.67	 0	 0
8.68	 0	 0
8.69	 0	 0
8.7	 0	 0
8.71	 0	 0
8.72	 0	 0
8.73	 0	 0
8.74	 0	 0
8.75	 0	 0
8.76	 0	 0
8.77	 0	 0
8.78	 0	 0
8.79	 0	 0
8.8	 0	 0
8.81	 0	 0
8.82	 0	 0
8.83	 0	 0
8.84	 0	 0
8.85	 0	 0
8.86	 0	 0
8.87	 0	 0
8.88	 0	 0
8.89	 0	 0
8.9	 0	 0
8.91	 0	 0
8.92	 0	 0
8.93	 0	 0
8.94	 0	 0
8.95	 0	 0
8.96	 0	 0
8.97	 0	 0
8.98	 0	 0
8.99	 0	 0
9	 0	 0
9.01	 0	 0
9.02	 0	 0
9.03	 0	 0
9.04	 0	 0
9.05	 0	 0
9.06	 0	 0
9.07	 0	 0
9.08	 0	 0
9.09	 0	 0
9.1	 0	 0
9.11	 0	 0
9.12	 0	 0
9.13	 0	 0
9.14	 0	 0
9.15	 0	 0
9.16	 0	 0
9.17	 0	 0
9.18	 0	 0
9.19	 0	 0
9.2	 0	 0
9.21	 0	 0
9.22	 0	 0
9.23	 0	 0
9.24	 0	 0
9.25	 0	 0
9.26	 0	 0
9.27	 0	 0
9.28	 0	 0
9.29	 0	 0
9.3	 0	 0
9.31	 0	 0
9.32	 0	 0
9.33	 0	 0
9.34	 0	 0
9.35	 0	 0
9.36	 0	 0
9.37	 0	 0
9.38	 0	 0
9.39	 0	 0
9.4	 0	 0
9.41	 0	 0
9.42	 0	 0
9.43	 0	 0
9.44	 0	 0
9.45	 0	 0
9.46	 0	 0
9.47	 0	 0
9.48	 0	 0
9.49	 0	 0
9.5	 0	 0
9.51	 0	 0
9.52	 0	 0
9.53	 0	 0
9.54	 0	 0
9.55	 0	 0
9.56	 0	 0
9.57	 0	 0
9.58	 0	 0
9.59	 0	 0
9.6	 0	 0
9.61	 0	 0
9.62	 0	 0
9.63	 0	 0
9.64	 0	 0
9.65	 0	 0
9.66	 0	 0
9.67	 0	 0
9.68	 0	 0
9.69	 0	 0
9.7	 0	 0
9.71	 0	 0
9.72	 0	 0
9.73	 0	 0
9.74	 0	 0
9.75	 0	 0
9.76	 0	 0
9.77	 0	 0
9.78	 0	 0
9.79	 0	 0
9.8	 0	 0
9.81	 0	 0
9.82	 0	 0
9.83	 0	 0
9.84	 0	 0
9.85	 0	 0
9.86	 0	 0
9.87	 0	 0
9.88	 0	 0
9.89	 0	 0
9.9	 0	 0
9.91	 0	 0
9.92	 0	 0
9.93	 0	 0
9.94	 0	 0
9.95	 0	 0
9.96	 0	 0
9.97	 0	 0
9.98	 0	 0
9.99	 0	 0
10	 0	 0
10.01	 0	 0
10.02	 0	 0
10.03	 0	 0
10.04	 0	 0
10.05	 0	 0
10.06	 0	 0
10.07	 0	 0
10.08	 0	 0
10.09	 0	 0
10.1	 0	 0
10.11	 0	 0
10.12	 0	 0
10.13	 0	 0
10.14	 0	 0
10.15	 0	 0
10.16	 0	 0
10.17	 0	 0
10.18	 0	 0
10.19	 0	 0
10.2	 0	 0
10.21	 0	 0
10.22	 0	 0
10.23	 0	 0
10.24	 0	 0
10.25	 0	 0
10.26	 0	 0
10.27	 0	 0
10.28	 0	 0
10.29	 0	 0
10.3	 0	 0
10.31	 0	 0
10.32	 0	 0
10.33	 0	 0
10.34	 0	 0
10.35	 0	 0
10.36	 0	 0
10.37	 0	 0
10.38	 0	 0
10.39	 0	 0
10.4	 0	 0
10.41	 0	 0
10.42	 0	 0
10.43	 0	 0
10.44	 0	 0
10.45	 0	 0
10.46	 0	 0
10.47	 0	 0
10.48	 0	 0
10.49	 0	 0
10.5	 0	 0
10.51	 0	 0
10.52	 0	 0
10.53	 0	 0
10.54	 0	 0
10.55	 0	 0
10.56	 0	 0
10.57	 0	 0
10.58	 0	 0
10.59	 0	 0
10.6	 0	 0
10.61	 0	 0
10.62	 0	 0
10.63	 0	 0
10.64	 0	 0
10.65	 0	 0
10.66	 0	 0
10.67	 0	 0
10.68	 0	 0
10.69	 0	 0
10.7	 0	 0
10.71	 0	 0
10.72	 0	 0
10.73	 0	 0
10.74	 0	 0
10.75	 0	 0
10.76	 0	 0
10.77	 0	 0
10.78	 0	 0
10.79	 0	 0
10.8	 0	 0
10.81	 0	 0
10.82	 0	 0
10.83	 0	 0
10.84	 0	 0
10.85	 0	 0
10.86	 0	 0
10.87	 0	 0
10.88	 0	 0
10.89	 0	 0
10.9	 0	 0
10.91	 0	 0
10.92	 0	 0
10.93	 0	 0
10.94	 0	 0
10.95	 0	 0
10.96	 0	 0
10.97	 0	 0
10.98	 0	 0
10.99	 0	 0
11	 0	 0
11.01	 0	 0
11.02	 0	 0
11.03	 0	 0
11.04	 0	 0
11.05	 0	 0
11.06	 0	 0
11.07	 0	 0
11.08	 0	 0
11.09	 0	 0
11.1	 0	 0
11.11	 0	 0
11.12	 0	 0
11.13	 0	 0
11.14	 0	 0
11.15	 0	 0
11.16	 0	 0
11.17	 0	 0
11.18	 0	 0
11.19	 0	 0
11.2	 0	 0
11.21	 0	 0
11.22	 0	 0
11.23	 0	 0
11.24	 0	 0
11.25	 0	 0
11.26	 0	 0
11.27	 0	 0
11.28	 0	 0
11.29	 0	 0
11.3	 0	 0
11.31	 0	 0
11.32	 0	 0
11.33	 0	 0
11.34	 0	 0
11.35	 0	 0
11.36	 0	 0
11.37	 0	 0
11.38	 0	 0
11.39	 0	 0
11.4	 0	 0
11.41	 0	 0
11.42	 0	 0
11.43	 0	 0
11.44	 0	 0
11.45	 0	 0
11.46	 0	 0
11.47	 0	 0
11.48	 0	 0
11.49	 0	 0
11.5	 0	 0
11.51	 0	 0
11.52	 0	 0
11.53	 0	 0
11.54	 0	 0
11.55	 0	 0
11.56	 0	 0
11.57	 0	 0
11.58	 0	 0
11.59	 0	 0
11.6	 0	 0
11.61	 0	 0
11.62	 0	 0
11.63	 0	 0
11.64	 0	 0
11.65	 0	 0
11.66	 0	 0
11.67	 0	 0
11.68	 0	 0
11.69	 0	 0
11.7	 0	 0
11.71	 0	 0
11.72	 0	 0
11.73	 0	 0
11.74	 0	 0
11.75	 0	 0
11.76	 0	 0
11.77	 0	 0
11.78	 0	 0
11.79	 0	 0
11.8	 0	 0
11.81	 0	 0
11.82	 0	 0
11.83	 0	 0
11.84	 0	 0
11.85	 0	 0
11.86	 0	 0
11.87	 0	 0
11.88	 0	 0
11.89	 0	 0
11.9	 0	 0
11.91	 0	 0
11.92	 0	 0
11.93	 0	 0
11.94	 0	 0
11.95	 0	 0
11.96	 0	 0
11.97	 0	 0
11.98	 0	 0
11.99	 0	 0
12	 0	 0
12.01	 0	 0
12.02	 0	 0
12.03	 0	 0
12.04	 0	 0
12.05	 0	 0
12.06	 0	 0
12.07	 0	 0
12.08	 0	 0
12.09	 0	 0
12.1	 0	 0
12.11	 0	 0
12.12	 0	 0
12.13	 0	 0
12.14	 0	 0
12.15	 0	 0
12.16	 0	 0
12.17	 0	 0
12.18	 0	 0
12.19	 0	 0
12.2	 0	 0
12.21	 0	 0
12.22	 0	 0
12.23	 0	 0
12.24	 0	 0
12.25	 0	 0
12.26	 0	 0
12.27	 0	 0
12.28	 0	 0
12.29	 0	 0
12.3	 0	 0
12.31	 0	 0
12.32	 0	 0
12.33	 0	 0
12.34	 0	 0
12.35	 0	 0
12.36	 0	 0
12.37	 0	 0
12.38	 0	 0
12.39	 0	 0
12.4	 0	 0
12.41	 0	 0
12.42	 0	 0
12.43	 0	 0
12.44	 0	 0
12.45	 0	 0
12.46	 0	 0
12.47	 0	 0
12.48	 0	 0
12.49	 0	 0
12.5	 0	 0
12.51	 0	 0
12.52	 0	 0
12.53	 0	 0
12.54	 0	 0
12.55	 0	 0
12.56	 0	 0
12.57	 0	 0
12.58	 0	 0
12.59	 0	 0
12.6	 0	 0
12.61	 0	 0
12.62	 0	 0
12.63	 0	 0
12.64	 0	 0
12.65	 0	 0
12.66	 0	 0
12.67	 0	 0
12.68	 0	 0
12.69	 0	 0
12.7	 0	 0
12.71	 0	 0
12.72	 0	 0
12.73	 0	 0
12.74	 0	 0
12.75	 0	 0
12.76	 0	 0
12.77	 0	 0
12.78	 0	 0
12.79	 0	 0
12.8	 0	 0
12.81	 0	 0
12.82	 0	 0
12.83	 0	 0
12.84	 0	 0
12.85	 0	 0
12.86	 0	 0
12.87	 0	 0
12.88	 0	 0
12.89	 0	 0
12.9	 0	 0
12.91	 0	 0
12.92	 0	 0
12.93	 0	 0
12.94	 0	 0
12.95	 0	 0
12.96	 0	 0
12.97	 0	 0
12.98	 0	 0
12.99	 0	 0
13	 0	 0
13.01	 0	 0
13.02	 0	 0
13.03	 0	 0
13.04	 0	 0
13.05	 0	 0
13.06	 0	 0
13.07	 0	 0
13.08	 0	 0
13.09	 0	 0
13.1	 0	 0
13.11	 0	 0
13.12	 0	 0
13.13	 0	 0
13.14	 0	 0
13.15	 0	 0
13.16	 0	 0
13.17	 0	 0
13.18	 0	 0
13.19	 0	 0
13.2	 0	 0
13.21	 0	 0
13.22	 0	 0
13.23	 0	 0
13.24	 0	 0
13.25	 0	 0
13.26	 0	 0
13.27	 0	 0
13.28	 0	 0
13.29	 0	 0
13.3	 0	 0
13.31	 0	 0
13.32	 0	 0
13.33	 0	 0
13.34	 0	 0
13.35	 0	 0
13.36	 0	 0
13.37	 0	 0
13.38	 0	 0
13.39	 0	 0
13.4	 0	 0
13.41	 0	 0
13.42	 0	 0
13.43	 0	 0
13.44	 0	 0
13.45	 0	 0
13.46	 0	 0
13.47	 0	 0
13.48	 0	 0
13.49	 0	 0
13.5	 0	 0
13.51	 0	 0
13.52	 0	 0
13.53	 0	 0
13.54	 0	 0
13.55	 0	 0
13.56	 0	 0
13.57	 0	 0
13.58	 0	 0
13.59	 0	 0
13.6	 0	 0
13.61	 0	 0
13.62	 0	 0
13.63	 0	 0
13.64	 0	 0
13.65	 0	 0
13.66	 0	 0
13.67	 0	 0
13.68	 0	 0
13.69	 0	 0
13.7	 0	 0
13.71	 0	 0
13.72	 0	 0
13.73	 0	 0
13.74	 0	 0
13.75	 0	 0
13.76	 0	 0
13.77	 0	 0
13.78	 0	 0
13.79	 0	 0
13.8	 0	 0
13.81	 0	 0
13.82	 0	 0
13.83	 0	 0
13.84	 0	 0
13.85	 0	 0
13.86	 0	 0
13.87	 0	 0
13.88	 0	 0
13.89	 0	 0
13.9	 0	 0
13.91	 0	 0
13.92	 0	 0
13.93	 0	 0
13.94	 0	 0
13.95	 0	 0
13.96	 0	 0
13.97	 0	 0
13.98	 0	 0
13.99	 0	 0
14	 0	 0
14.01	 0	 0
14.02	 0	 0
14.03	 0	 0
14.04	 0	 0
14.05	 0	 0
14.06	 0	 0
14.07	 0	 0
14.08	 0	 0
14.09	 0	 0
14.1	 0	 0
14.11	 0	 0
14.12	 0	 0
14.13	 0	 0
14.14	 0	 0
14.15	 0	 0
14.16	 0	 0
14.17	 0	 0
14.18	 0	 0
14.19	 0	 0
14.2	 0	 0
14.21	 0	 0
14.22	 0	 0
14.23	 0	 0
14.24	 0	 0
14.25	 0	 0
14.26	 0	 0
14.27	 0	 0
14.28	 0	 0
14.29	 0	 0
14.3	 0	 0
14.31	 0	 0
14.32	 0	 0
14.33	 0	 0
14.34	 0	 0
14.35	 0	 0
14.36	 0	 0
14.37	 0	 0
14.38	 0	 0
14.39	 0	 0
14.4	 0	 0
14.41	 0	 0
14.42	 0	 0
14.43	 0	 0
14.44	 0	 0
14.45	 0	 0
14.46	 0	 0
14.47	 0	 0
14.48	 0	 0
14.49	 0	 0
14.5	 0	 0
14.51	 0	 0
14.52	 0	 0
14.53	 0	 0
14.54	 0	 0
14.55	 0	 0
14.56	 0	 0
14.57	 0	 0
14.58	 0	 0
14.59	 0	 0
14.6	 0	 0
14.61	 0	 0
14.62	 0	 0
14.63	 0	 0
14.64	 0	 0
14.65	 0	 0
14.66	 0	 0
14.67	 0	 0
14.68	 0	 0
14.69	 0	 0
14.7	 0	 0
14.71	 0	 0
14.72	 0	 0
14.73	 0	 0
14.74	 0	 0
14.75	 0	 0
14.76	 0	 0
14.77	 0	 0
14.78	 0	 0
14.79	 0	 0
14.8	 0	 0
14.81	 0	 0
14.82	 0	 0
14.83	 0	 0
14.84	 0	 0
14.85	 0	 0
14.86	 0	 0
14.87	 0	 0
14.88	 0	 0
14.89	 0	 0
14.9	 0	 0
14.91	 0	 0
14.92	 0	 0
14.93	 0	 0
14.94	 0	 0
14.95	 0	 0
14.96	 0	 0
14.97	 0	 0
14.98	 0	 0
14.99	 0	 0
15	 0	 0
15.01	 0	 0
15.02	 0	 0
15.03	 0	 0
15.04	 0	 0
15.05	 0	 0
15.06	 0	 0
15.07	 0	 0
15.08	 0	 0
15.09	 0	 0
15.1	 0	 0
15.11	 0	 0
15.12	 0	 0
15.13	 0	 0
15.14	 0	 0
15.15	 0	 0
15.16	 0	 0
15.17	 0	 0
15.18	 0	 0
15.19	 0	 0
15.2	 0	 0
15.21	 0	 0
15.22	 0	 0
15.23	 0	 0
15.24	 0	 0
15.25	 0	 0
15.26	 0	 0
15.27	 0	 0
15.28	 0	 0
15.29	 0	 0
15.3	 0	 0
15.31	 0	 0
15.32	 0	 0
15.33	 0	 0
15.34	 0	 0
15.35	 0	 0
15.36	 0	 0
15.37	 0	 0
15.38	 0	 0
15.39	 0	 0
15.4	 0	 0
15.41	 0	 0
15.42	 0	 0
15.43	 0	 0
15.44	 0	 0
15.45	 0	 0
15.46	 0	 0
15.47	 0	 0
15.48	 20	 0
15.49	 20	 0
15.5	 20	 0
15.51	 20	 0
15.52	 20	 0
15.53	 20	 0
15.54	 20	 0
15.55	 20	 0
15.56	 20	 0
15.57	 20	 0
15.58	 20	 0
15.59	 20	 0
15.6	 20	 0
15.61	 20	 0
15.62	 20	 0
15.63	 20	 0
15.64	 20	 0
15.65	 20	 0
15.66	 20	 0
15.67	 20	 0
15.68	 20	 0
15.69	 20	 0
15.7	 20	 0
15.71	 20	 0
15.72	 20	 0
15.73	 20	 0
15.74	 20	 0
15.75	 20	 0
15.76	 20	 0
15.77	 20	 0
15.78	 20	 0
15.79	 20	 0
15.8	 20	 0
15.81	 20	 0
15.82	 20	 0
15.83	 20	 0
15.84	 20	 0
15.85	 20	 0
15.86	 20	 0
15.87	 20	 0
15.88	 20	 0
15.89	 20	 0
15.9	 20	 0
15.91	 20	 0
15.92	 20	 0
15.93	 20	 0
15.94	 20	 0
15.95	 20	 0
15.96	 20	 0
15.97	 20	 0
15.98	 20	 0
15.99	 20	 0
16	 20	 0
16.01	 20	 0
16.02	 20	 0
16.03	 20	 0
16.04	 20	 0
16.05	 20	 0
16.06	 20	 0
16.07	 20	 0
16.08	 20	 0
16.09	 20	 0
16.1	 20	 0
16.11	 20	 0
16.12	 20	 0
16.13	 20	 0
16.14	 20	 0
16.15	 20	 0
16.16	 20	 0
16.17	 20	 0
16.18	 20	 0
16.19	 20	 0
16.2	 20	 0
16.21	 20	 0
16.22	 20	 0
16.23	 20	 0
16.24	 20	 0
16.25	 20	 0
16.26	 20	 0
16.27	 20	 0.02442002442002442
16.28	 20	 1.3675213675213675
16.29	 20	 3.272283272283272
16.3	 20	 5.934065934065934
16.31	 20	 8.62026862026862
16.32	 20	 13.870573870573871
16.33	 20	 17.045177045177045
16.34	 20	 22.246642246642246
16.35	 20	 24.49328449328449
16.36	 20	 28.449328449328448
16.37	 20	 32.16117216117216
16.38	 20	 36.67887667887668
16.39	 20	 39.975579975579976
16.4	 20	 42.53968253968254
16.41	 20	 45.372405372405375
16.42	 20	 48.81562881562881
16.43	 20	 50.866910866910864
16.44	 20	 52.77167277167277
16.45	 20	 54.55433455433455
16.46	 20	 55.55555555555556
16.47	 20	 57.26495726495727
16.48	 20	 58.41269841269841
16.49	 20	 59.78021978021978
16.5	 20	 60.46398046398046
16.51	 20	 61.41636141636142
16.52	 20	 62.246642246642246
16.53	 20	 62.83272283272283
16.54	 20	 63.2967032967033
16.55	 20	 63.68742368742369
16.56	 20	 64.07814407814408
16.57	 20	 64.54212454212454
16.58	 20	 64.9084249084249
16.59	 20	 65.15262515262515
16.6	 20	 65.27472527472527
16.61	 20	 65.61660561660561
16.62	 20	 65.61660561660561
16.63	 20	 65.98290598290598
16.64	 20	 66.08058608058609
16.65	 20	 66.20268620268621
16.66	 20	 66.32478632478633
16.67	 20	 66.42246642246643
16.68	 20	 66.52014652014653
16.69	 20	 66.4957264957265
16.7	 20	 67.22832722832723
16.71	 20	 67.10622710622711
16.72	 20	 67.47252747252747
16.73	 20	 67.86324786324786
16.74	 20	 68.4004884004884
16.75	 20	 68.98656898656898
16.76	 20	 69.62148962148962
16.77	 20	 70.25641025641026
16.78	 20	 70.7936507936508
16.79	 20	 71.84371184371184
16.8	 20	 72.38095238095238
16.81	 20	 73.01587301587301
16.82	 20	 73.52869352869352
16.83	 20	 74.11477411477412
16.84	 20	 74.57875457875458
16.85	 20	 74.94505494505495
16.86	 20	 75.40903540903541
16.87	 20	 75.8974358974359
16.88	 20	 76.16605616605617
16.89	 20	 76.48351648351648
16.9	 20	 76.8009768009768
16.91	 20	 76.94749694749694
16.92	 20	 77.16727716727716
16.93	 20	 77.46031746031746
16.94	 20	 77.7045177045177
16.95	 20	 77.75335775335775
16.96	 20	 78.31501831501832
16.97	 20	 78.0952380952381
16.98	 20	 77.94871794871794
16.99	 20	 78.1929181929182
17	 20	 78.21733821733822
17.01	 20	 78.41269841269842
17.02	 20	 78.53479853479854
17.03	 20	 78.53479853479854
17.04	 20	 78.63247863247864
17.05	 20	 78.63247863247864
17.06	 20	 77.4114774114774
17.07	 20	 78.60805860805861
17.08	 20	 78.75457875457876
17.09	 20	 78.73015873015873
17.1	 20	 78.60805860805861
17.11	 20	 78.75457875457876
17.12	 20	 78.92551892551893
17.13	 20	 78.3882783882784
17.14	 20	 78.26617826617827
17.15	 20	 77.77777777777777
17.16	 20	 77.94871794871794
17.17	 20	 77.58241758241758
17.18	 20	 77.38705738705738
17.19	 20	 77.21611721611721
17.2	 20	 76.87423687423687
17.21	 20	 76.16605616605617
17.22	 20	 76.38583638583638
17.23	 20	 76.19047619047619
17.24	 20	 75.97069597069597
17.25	 20	 76.53235653235653
17.26	 20	 75.65323565323565
17.27	 20	 75.50671550671551
17.28	 20	 75.33577533577534
17.29	 20	 75.23809523809524
17.3	 20	 75.06715506715507
17.31	 20	 75.0915750915751
17.32	 20	 74.92063492063492
17.33	 20	 74.8962148962149
17.34	 20	 76.21489621489621
17.35	 20	 74.72527472527473
17.36	 20	 74.7008547008547
17.37	 20	 74.67643467643468
17.38	 20	 74.65201465201466
17.39	 20	 74.62759462759463
17.4	 20	 74.55433455433456
17.41	 20	 74.55433455433456
17.42	 20	 74.40781440781441
17.43	 20	 74.45665445665446
17.44	 20	 74.40781440781441
17.45	 20	 74.50549450549451
17.46	 20	 74.40781440781441
17.47	 20	 74.7008547008547
17.48	 20	 74.62759462759463
17.49	 20	 74.52991452991454
17.5	 20	 74.33455433455434
17.51	 20	 74.38339438339439
17.52	 20	 74.28571428571429
17.53	 20	 74.26129426129427
17.54	 20	 73.99267399267399
17.55	 20	 73.84615384615384
17.56	 20	 73.67521367521367
17.57	 20	 73.45543345543345
17.58	 20	 73.08913308913309
17.59	 20	 73.06471306471306
17.6	 20	 73.08913308913309
17.61	 20	 72.6007326007326
17.62	 20	 72.38095238095238
17.63	 20	 72.33211233211233
17.64	 20	 72.16117216117216
17.65	 20	 71.81929181929182
17.66	 20	 71.81929181929182
17.67	 20	 71.64835164835165
17.68	 20	 71.52625152625153
17.69	 20	 71.5018315018315
17.7	 20	 71.47741147741148
17.71	 20	 71.11111111111111
17.72	 20	 71.25763125763126
17.73	 20	 70.84249084249085
17.74	 20	 71.11111111111111
17.75	 20	 71.11111111111111
17.76	 20	 71.11111111111111
17.77	 20	 71.18437118437119
17.78	 20	 71.01343101343102
17.79	 20	 71.11111111111111
17.8	 20	 70.98901098901099
17.81	 20	 70.94017094017094
17.82	 20	 70.84249084249085
17.83	 20	 70.96459096459097
17.84	 20	 70.96459096459097
17.85	 20	 70.6959706959707
17.86	 20	 70.91575091575092
17.87	 20	 70.94017094017094
17.88	 20	 70.81807081807082
17.89	 20	 70.8913308913309
17.9	 20	 70.86691086691087
17.91	 20	 70.84249084249085
17.92	 20	 70.7936507936508
17.93	 20	 70.76923076923077
17.94	 20	 70.86691086691087
17.95	 20	 70.72039072039072
17.96	 20	 70.76923076923077
17.97	 20	 70.54945054945055
17.98	 20	 70.67155067155068
17.99	 20	 70.52503052503053
18	 20	 70.35409035409036
18.01	 20	 70.35409035409036
18.02	 20	 70.23199023199024
18.03	 20	 70.18315018315019
18.04	 20	 70.08547008547009
18.05	 20	 69.96336996336996
18.06	 20	 69.62148962148962
18.07	 20	 69.71916971916971
18.08	 20	 69.64590964590964
18.09	 20	 69.57264957264957
18.1	 20	 69.23076923076923
18.11	 20	 69.71916971916971
18.12	 20	 69.37728937728937
18.13	 20	 69.42612942612942
18.14	 20	 69.4017094017094
18.15	 20	 69.25518925518925
18.16	 20	 70.01221001221002
18.17	 20	 69.23076923076923
18.18	 20	 69.18192918192918
18.19	 20	 69.13308913308913
18.2	 20	 69.15750915750915
18.21	 20	 69.25518925518925
18.22	 20	 69.2063492063492
18.23	 20	 68.79120879120879
18.24	 20	 69.08424908424908
18.25	 20	 69.1086691086691
18.26	 20	 69.13308913308913
18.27	 20	 69.25518925518925
18.28	 20	 69.1086691086691
18.29	 20	 69.1086691086691
18.3	 20	 69.1086691086691
18.31	 20	 68.91330891330891
18.32	 20	 69.13308913308913
18.33	 20	 69.18192918192918
18.34	 20	 69.03540903540903
18.35	 20	 69.01098901098901
18.36	 20	 69.05982905982906
18.37	 20	 69.13308913308913
18.38	 20	 69.03540903540903
18.39	 20	 69.1086691086691
18.4	 20	 68.96214896214896
18.41	 20	 68.98656898656898
18.42	 20	 69.03540903540903
18.43	 20	 68.91330891330891
18.44	 20	 68.86446886446886
18.45	 20	 68.84004884004884
18.46	 20	 68.91330891330891
18.47	 20	 68.79120879120879
18.48	 20	 68.44932844932845
18.49	 20	 68.64468864468864
18.5	 20	 68.74236874236874
18.51	 20	 68.66910866910867
18.52	 20	 68.42490842490842
18.53	 20	 68.66910866910867
18.54	 20	 68.71794871794872
18.55	 20	 68.57142857142857
18.56	 20	 68.62026862026862
18.57	 20	 68.64468864468864
18.58	 20	 68.37606837606837
18.59	 20	 68.62026862026862
18.6	 20	 68.66910866910867
18.61	 20	 68.44932844932845
18.62	 20	 68.86446886446886
18.63	 20	 68.62026862026862
18.64	 20	 68.44932844932845
18.65	 20	 68.44932844932845
18.66	 20	 68.35164835164835
18.67	 20	 68.4981684981685
18.68	 20	 68.44932844932845
18.69	 20	 68.57142857142857
18.7	 20	 68.52258852258852
18.71	 20	 68.4981684981685
18.72	 20	 68.57142857142857
18.73	 20	 68.54700854700855
18.74	 20	 68.47374847374847
18.75	 20	 68.44932844932845
18.76	 20	 68.44932844932845
18.77	 20	 68.4981684981685
18.78	 20	 68.44932844932845
18.79	 20	 68.42490842490842
18.8	 20	 68.42490842490842
18.81	 20	 68.54700854700855
18.82	 20	 68.42490842490842
18.83	 20	 68.42490842490842
18.84	 20	 68.44932844932845
18.85	 20	 68.47374847374847
18.86	 20	 68.44932844932845
18.87	 20	 68.4004884004884
18.88	 20	 68.44932844932845
18.89	 20	 68.44932844932845
18.9	 20	 68.44932844932845
18.91	 20	 68.52258852258852
18.92	 20	 68.47374847374847
18.93	 20	 68.47374847374847
18.94	 20	 68.44932844932845
18.95	 20	 68.57142857142857
18.96	 20	 68.37606837606837
18.97	 20	 68.4004884004884
18.98	 20	 68.37606837606837
18.99	 20	 68.42490842490842
19	 20	 68.4004884004884
19.01	 20	 68.44932844932845
19.02	 20	 68.35164835164835
19.03	 20	 68.44932844932845
19.04	 20	 68.4004884004884
19.05	 20	 68.4004884004884
19.06	 20	 68.37606837606837
19.07	 20	 68.3028083028083
19.08	 20	 68.37606837606837
19.09	 20	 68.37606837606837
19.1	 20	 68.00976800976801
19.11	 20	 68.35164835164835
19.12	 20	 68.4004884004884
19.13	 20	 68.00976800976801
19.14	 20	 68.35164835164835
19.15	 20	 68.37606837606837
19.16	 20	 68.35164835164835
19.17	 20	 68.27838827838828
19.18	 20	 68.27838827838828
19.19	 20	 68.27838827838828
19.2	 20	 68.25396825396825
19.21	 20	 68.27838827838828
19.22	 20	 68.27838827838828
19.23	 20	 68.27838827838828
19.24	 20	 68.27838827838828
19.25	 20	 68.25396825396825
19.26	 20	 68.27838827838828
19.27	 20	 68.13186813186813
19.28	 20	 68.15628815628816
19.29	 20	 68.15628815628816
19.3	 20	 68.25396825396825
19.31	 20	 68.2051282051282
19.32	 20	 68.2051282051282
19.33	 20	 68.15628815628816
19.34	 20	 68.15628815628816
19.35	 20	 68.27838827838828
19.36	 20	 68.27838827838828
19.37	 20	 68.2051282051282
19.38	 20	 68.27838827838828
19.39	 20	 68.25396825396825
19.4	 20	 68.2051282051282
19.41	 20	 68.2051282051282
19.42	 20	 67.88766788766789
19.43	 20	 68.35164835164835
19.44	 20	 68.27838827838828
19.45	 20	 68.25396825396825
19.46	 20	 68.15628815628816
19.47	 20	 68.15628815628816
19.48	 20	 68.15628815628816
19.49	 20	 68.13186813186813
19.5	 20	 68.13186813186813
19.51	 20	 68.08302808302808
19.52	 20	 68.27838827838828
19.53	 20	 68.13186813186813
19.54	 20	 68.15628815628816
19.55	 20	 68.1074481074481
19.56	 20	 68.1074481074481
19.57	 20	 68.15628815628816
19.58	 20	 68.13186813186813
19.59	 20	 68.15628815628816
19.6	 20	 68.13186813186813
19.61	 20	 68.18070818070818
19.62	 20	 68.18070818070818
19.63	 20	 68.15628815628816
19.64	 20	 68.86446886446886
19.65	 20	 68.08302808302808
19.66	 20	 68.18070818070818
19.67	 20	 68.25396825396825
19.68	 20	 68.1074481074481
19.69	 20	 68.1074481074481
19.7	 20	 68.15628815628816
19.71	 20	 68.18070818070818
19.72	 20	 68.05860805860806
19.73	 20	 68.15628815628816
19.74	 20	 68.15628815628816
19.75	 20	 67.91208791208791
19.76	 20	 68.15628815628816
19.77	 20	 68.15628815628816
19.78	 20	 68.22954822954823
19.79	 20	 68.15628815628816
19.8	 20	 68.13186813186813
19.81	 20	 68.00976800976801
19.82	 20	 68.15628815628816
19.83	 20	 68.00976800976801
19.84	 20	 68.15628815628816
19.85	 20	 68.08302808302808
19.86	 20	 68.13186813186813
19.87	 20	 68.15628815628816
19.88	 20	 68.05860805860806
19.89	 20	 68.15628815628816
19.9	 20	 68.08302808302808
19.91	 20	 68.1074481074481
19.92	 20	 68.25396825396825
19.93	 20	 68.4004884004884
19.94	 20	 68.13186813186813
19.95	 20	 68.05860805860806
19.96	 20	 68.15628815628816
19.97	 20	 68.13186813186813
19.98	 20	 68.1074481074481
19.99	 20	 68.05860805860806
20	 20	 68.1074481074481
20.01	 20	 68.2051282051282
20.02	 20	 68.13186813186813
20.03	 20	 68.08302808302808
20.04	 20	 68.15628815628816
20.05	 20	 68.05860805860806
20.06	 20	 68.05860805860806
20.07	 20	 68.05860805860806
20.08	 20	 68.05860805860806
20.09	 20	 68.15628815628816
20.1	 20	 68.15628815628816
20.11	 20	 68.13186813186813
20.12	 20	 68.08302808302808
20.13	 20	 68.13186813186813
20.14	 20	 68.08302808302808
20.15	 20	 68.15628815628816
20.16	 20	 68.1074481074481
20.17	 20	 68.05860805860806
20.18	 20	 68.05860805860806
20.19	 20	 68.3028083028083
20.2	 20	 68.2051282051282
20.21	 20	 68.13186813186813
20.22	 20	 68.15628815628816
20.23	 20	 68.15628815628816
20.24	 20	 68.08302808302808
20.25	 20	 68.08302808302808
20.26	 20	 68.05860805860806
20.27	 20	 68.13186813186813
20.28	 20	 68.05860805860806
20.29	 20	 67.98534798534799
20.3	 20	 68.18070818070818
20.31	 20	 68.03418803418803
20.32	 20	 68.42490842490842
20.33	 20	 68.05860805860806
20.34	 20	 68.4004884004884
20.35	 20	 68.13186813186813
20.36	 20	 68.00976800976801
20.37	 20	 68.05860805860806
20.38	 20	 68.03418803418803
20.39	 20	 68.15628815628816
20.4	 20	 68.05860805860806
20.41	 20	 68.05860805860806
20.42	 20	 67.78998778998779
20.43	 20	 68.13186813186813
20.44	 20	 68.05860805860806
20.45	 20	 68.22954822954823
20.46	 20	 68.05860805860806
20.47	 20	 68.13186813186813
20.48	 20	 68.05860805860806
20.49	 20	 68.13186813186813
20.5	 20	 68.15628815628816
20.51	 20	 67.88766788766789
20.52	 20	 68.03418803418803
20.53	 20	 67.86324786324786
20.54	 20	 68.03418803418803
20.55	 20	 68.00976800976801
20.56	 20	 68.05860805860806
20.57	 20	 68.15628815628816
20.58	 20	 68.05860805860806
20.59	 20	 67.98534798534799
20.6	 20	 68.00976800976801
20.61	 20	 68.05860805860806
20.62	 20	 68.13186813186813
20.63	 20	 68.08302808302808
20.64	 20	 67.98534798534799
20.65	 20	 68.13186813186813
20.66	 20	 68.05860805860806
20.67	 20	 68.08302808302808
20.68	 20	 68.00976800976801
20.69	 20	 68.13186813186813
20.7	 20	 67.98534798534799
20.71	 20	 68.05860805860806
20.72	 20	 67.66788766788767
20.73	 20	 67.25274725274726
20.74	 20	 67.98534798534799
20.75	 20	 68.00976800976801
20.76	 20	 68.44932844932845
20.77	 20	 68.13186813186813
20.78	 20	 68.05860805860806
20.79	 20	 67.91208791208791
20.8	 20	 68.03418803418803
20.81	 20	 68.03418803418803
20.82	 20	 68.00976800976801
20.83	 20	 67.98534798534799
20.84	 20	 68.03418803418803
20.85	 20	 68.00976800976801
20.86	 20	 68.00976800976801
20.87	 20	 67.98534798534799
20.88	 20	 67.98534798534799
20.89	 20	 67.88766788766789
20.9	 20	 67.98534798534799
20.91	 20	 67.98534798534799
20.92	 20	 67.98534798534799
20.93	 20	 68.05860805860806
20.94	 20	 68.00976800976801
20.95	 20	 68.00976800976801
20.96	 20	 67.98534798534799
20.97	 20	 67.93650793650794
20.98	 20	 68.03418803418803
20.99	 20	 67.66788766788767
21	 20	 67.98534798534799
21.01	 20	 68.03418803418803
21.02	 20	 68.05860805860806
21.03	 20	 67.98534798534799
21.04	 20	 68.15628815628816
21.05	 20	 67.93650793650794
21.06	 20	 67.96092796092796
21.07	 20	 67.88766788766789
21.08	 20	 67.96092796092796
21.09	 20	 68.03418803418803
21.1	 20	 68.05860805860806
21.11	 20	 67.93650793650794
21.12	 20	 67.88766788766789
21.13	 20	 67.98534798534799
21.14	 20	 67.91208791208791
21.15	 20	 68.08302808302808
21.16	 20	 67.98534798534799
21.17	 20	 67.98534798534799
21.18	 20	 68.05860805860806
21.19	 20	 68.00976800976801
21.2	 20	 68.03418803418803
21.21	 20	 68.00976800976801
21.22	 20	 67.98534798534799
21.23	 20	 68.05860805860806
21.24	 20	 68.05860805860806
21.25	 20	 68.05860805860806
21.26	 20	 68.03418803418803
21.27	 20	 68.00976800976801
21.28	 20	 68.03418803418803
21.29	 20	 68.03418803418803
21.3	 20	 68.05860805860806
21.31	 20	 67.98534798534799
21.32	 20	 68.03418803418803
21.33	 20	 68.00976800976801
21.34	 20	 67.86324786324786
21.35	 20	 68.08302808302808
21.36	 20	 68.03418803418803
21.37	 20	 68.13186813186813
21.38	 20	 68.00976800976801
21.39	 20	 68.05860805860806
21.4	 20	 68.03418803418803
21.41	 20	 67.98534798534799
21.42	 20	 67.98534798534799
21.43	 20	 68.13186813186813
21.44	 20	 67.98534798534799
21.45	 20	 68.13186813186813
21.46	 20	 68.05860805860806
21.47	 20	 68.1074481074481
21.48	 20	 67.98534798534799
21.49	 20	 68.08302808302808
21.5	 20	 68.05860805860806
21.51	 20	 67.98534798534799
21.52	 20	 68.08302808302808
21.53	 20	 68.03418803418803
21.54	 20	 68.00976800976801
21.55	 20	 68.00976800976801
21.56	 20	 68.08302808302808
21.57	 20	 67.98534798534799
21.58	 20	 68.08302808302808
21.59	 20	 68.08302808302808
21.6	 20	 68.03418803418803
21.61	 20	 68.05860805860806
21.62	 20	 68.03418803418803
21.63	 20	 68.05860805860806
21.64	 20	 68.32722832722833
21.65	 20	 68.05860805860806
21.66	 20	 68.03418803418803
21.67	 20	 67.96092796092796
21.68	 20	 68.08302808302808
21.69	 20	 67.98534798534799
21.7	 20	 68.05860805860806
21.71	 20	 68.03418803418803
21.72	 20	 68.08302808302808
21.73	 20	 68.1074481074481
21.74	 20	 68.13186813186813
21.75	 20	 68.05860805860806
21.76	 20	 68.08302808302808
21.77	 20	 68.05860805860806
21.78	 20	 68.76678876678876
21.79	 20	 68.03418803418803
21.8	 20	 68.08302808302808
21.81	 20	 68.05860805860806
21.82	 20	 68.00976800976801
21.83	 20	 67.98534798534799
21.84	 20	 68.05860805860806
21.85	 20	 68.05860805860806
21.86	 20	 67.98534798534799
21.87	 20	 68.15628815628816
21.88	 20	 68.03418803418803
21.89	 20	 68.08302808302808
21.9	 20	 68.00976800976801
21.91	 20	 68.05860805860806
21.92	 20	 68.1074481074481
21.93	 20	 68.1074481074481
21.94	 20	 68.05860805860806
21.95	 20	 68.05860805860806
21.96	 20	 68.00976800976801
21.97	 20	 68.1074481074481
21.98	 20	 68.05860805860806
21.99	 20	 68.05860805860806
22	 20	 68.18070818070818
22.01	 20	 68.1074481074481
22.02	 20	 68.05860805860806
22.03	 20	 68.03418803418803
22.04	 20	 67.98534798534799
22.05	 20	 68.03418803418803
22.06	 20	 67.88766788766789
22.07	 20	 67.98534798534799
22.08	 20	 68.05860805860806
22.09	 20	 68.03418803418803
22.1	 20	 68.00976800976801
22.11	 20	 68.08302808302808
22.12	 20	 68.08302808302808
22.13	 20	 68.05860805860806
22.14	 20	 68.00976800976801
22.15	 20	 67.98534798534799
22.16	 20	 68.00976800976801
22.17	 20	 68.00976800976801
22.18	 20	 67.96092796092796
22.19	 20	 68.13186813186813
22.2	 20	 67.98534798534799
22.21	 20	 68.05860805860806
22.22	 20	 68.32722832722833
22.23	 20	 68.05860805860806
22.24	 20	 68.05860805860806
22.25	 20	 68.00976800976801
22.26	 20	 68.05860805860806
22.27	 20	 68.00976800976801
22.28	 20	 68.03418803418803
22.29	 20	 68.1074481074481
22.3	 20	 68.15628815628816
22.31	 20	 68.00976800976801
22.32	 20	 68.13186813186813
22.33	 20	 68.05860805860806
22.34	 20	 67.98534798534799
22.35	 20	 68.05860805860806
22.36	 20	 68.00976800976801
22.37	 20	 67.98534798534799
22.38	 20	 68.08302808302808
22.39	 20	 67.98534798534799
22.4	 20	 68.03418803418803
22.41	 20	 68.08302808302808
22.42	 20	 68.03418803418803
22.43	 20	 68.00976800976801
22.44	 20	 68.00976800976801
22.45	 20	 68.05860805860806
22.46	 20	 68.05860805860806
22.47	 20	 68.13186813186813
22.48	 20	 68.08302808302808
22.49	 20	 68.00976800976801
22.5	 20	 68.1074481074481
22.51	 20	 68.13186813186813
22.52	 20	 67.86324786324786
22.53	 20	 68.08302808302808
22.54	 20	 67.98534798534799
22.55	 20	 68.79120879120879
22.56	 20	 67.98534798534799
22.57	 20	 68.15628815628816
22.58	 20	 67.98534798534799
22.59	 20	 67.93650793650794
22.6	 20	 68.00976800976801
22.61	 20	 68.00976800976801
22.62	 20	 67.86324786324786
22.63	 20	 68.03418803418803
22.64	 20	 67.78998778998779
22.65	 20	 68.03418803418803
22.66	 20	 67.98534798534799
22.67	 20	 68.08302808302808
22.68	 20	 67.98534798534799
22.69	 20	 67.98534798534799
22.7	 20	 67.98534798534799
22.71	 20	 67.98534798534799
22.72	 20	 68.37606837606837
22.73	 20	 67.98534798534799
22.74	 20	 68.03418803418803
22.75	 20	 68.00976800976801
22.76	 20	 67.98534798534799
22.77	 20	 67.91208791208791
22.78	 20	 67.98534798534799
22.79	 20	 67.88766788766789
22.8	 20	 67.98534798534799
22.81	 20	 67.98534798534799
22.82	 20	 67.98534798534799
22.83	 20	 67.57020757020757
22.84	 20	 67.98534798534799
22.85	 20	 67.96092796092796
22.86	 20	 69.93894993894993
22.87	 20	 67.98534798534799
22.88	 20	 67.98534798534799
22.89	 20	 67.52136752136752
22.9	 20	 67.98534798534799
22.91	 20	 68.4004884004884
22.92	 20	 68.4981684981685
22.93	 20	 67.91208791208791
22.94	 20	 67.86324786324786
22.95	 20	 67.91208791208791
22.96	 20	 67.93650793650794
22.97	 20	 67.98534798534799
22.98	 20	 68.03418803418803
22.99	 20	 67.98534798534799
23	 20	 67.98534798534799
23.01	 20	 67.93650793650794
23.02	 20	 68.13186813186813
23.03	 20	 67.83882783882784
23.04	 20	 68.13186813186813
23.05	 20	 68.08302808302808
23.06	 20	 68.13186813186813
23.07	 20	 68.00976800976801
23.08	 20	 68.03418803418803
23.09	 20	 68.08302808302808
23.1	 20	 68.08302808302808
23.11	 20	 68.08302808302808
23.12	 20	 68.00976800976801
23.13	 20	 67.81440781440782
23.14	 20	 68.00976800976801
23.15	 20	 68.13186813186813
23.16	 20	 68.00976800976801
23.17	 20	 68.08302808302808
23.18	 20	 67.88766788766789
23.19	 20	 67.93650793650794
23.2	 20	 68.00976800976801
23.21	 20	 68.00976800976801
23.22	 20	 68.00976800976801
23.23	 20	 68.00976800976801
23.24	 20	 67.98534798534799
23.25	 20	 68.05860805860806
23.26	 20	 68.03418803418803
23.27	 20	 68.08302808302808
23.28	 20	 67.96092796092796
23.29	 20	 67.57020757020757
23.3	 20	 68.05860805860806
23.31	 20	 67.98534798534799
23.32	 20	 68.03418803418803
23.33	 20	 68.03418803418803
23.34	 20	 68.03418803418803
23.35	 20	 67.96092796092796
23.36	 20	 66.56898656898657
23.37	 20	 68.08302808302808
23.38	 20	 68.05860805860806
23.39	 20	 67.98534798534799
23.4	 20	 68.05860805860806
23.41	 20	 68.42490842490842
23.42	 20	 68.00976800976801
23.43	 20	 67.98534798534799
23.44	 20	 67.96092796092796
23.45	 20	 68.00976800976801
23.46	 20	 68.03418803418803
23.47	 20	 68.1074481074481
23.48	 20	 67.98534798534799
23.49	 20	 68.03418803418803
23.5	 20	 67.98534798534799
23.51	 20	 67.81440781440782
23.52	 20	 67.86324786324786
23.53	 20	 68.05860805860806
23.54	 20	 68.00976800976801
23.55	 20	 68.00976800976801
23.56	 20	 68.37606837606837
23.57	 20	 67.98534798534799
23.58	 20	 67.71672771672772
23.59	 20	 67.98534798534799
23.6	 20	 67.96092796092796
23.61	 20	 67.91208791208791
23.62	 20	 67.98534798534799
23.63	 20	 68.03418803418803
23.64	 20	 69.15750915750915
23.65	 20	 68.13186813186813
23.66	 20	 67.98534798534799
23.67	 20	 67.98534798534799
23.68	 20	 68.00976800976801
23.69	 20	 68.00976800976801
23.7	 20	 68.03418803418803
23.71	 20	 67.93650793650794
23.72	 20	 67.88766788766789
23.73	 20	 67.98534798534799
23.74	 20	 67.93650793650794
23.75	 20	 67.88766788766789
23.76	 20	 68.00976800976801
23.77	 20	 67.98534798534799
23.78	 20	 67.98534798534799
23.79	 20	 67.86324786324786
23.8	 20	 67.98534798534799
23.81	 20	 68.13186813186813
23.82	 20	 68.05860805860806
23.83	 20	 68.05860805860806
23.84	 20	 68.05860805860806
23.85	 20	 68.03418803418803
23.86	 20	 68.00976800976801
23.87	 20	 68.08302808302808
23.88	 20	 68.1074481074481
23.89	 20	 68.08302808302808
23.9	 20	 67.98534798534799
23.91	 20	 68.08302808302808
23.92	 20	 68.08302808302808
23.93	 20	 68.00976800976801
23.94	 20	 68.00976800976801
23.95	 20	 68.00976800976801
23.96	 20	 67.78998778998779
23.97	 20	 68.05860805860806
23.98	 20	 67.5946275946276
23.99	 20	 68.03418803418803
24	 20	 68.03418803418803
24.01	 20	 68.05860805860806
24.02	 20	 68.00976800976801
24.03	 20	 68.1074481074481
24.04	 20	 68.05860805860806
24.05	 20	 68.00976800976801
24.06	 20	 68.05860805860806
24.07	 20	 68.08302808302808
24.08	 20	 68.03418803418803
24.09	 20	 68.00976800976801
24.1	 20	 67.98534798534799
24.11	 20	 67.91208791208791
24.12	 20	 68.54700854700855
24.13	 20	 68.00976800976801
24.14	 20	 68.05860805860806
24.15	 20	 68.05860805860806
24.16	 20	 68.03418803418803
24.17	 20	 68.03418803418803
24.18	 20	 68.00976800976801
24.19	 20	 68.05860805860806
24.2	 20	 67.98534798534799
24.21	 20	 68.00976800976801
24.22	 20	 67.93650793650794
24.23	 20	 67.98534798534799
24.24	 20	 68.05860805860806
24.25	 20	 67.88766788766789
24.26	 20	 67.93650793650794
24.27	 20	 67.98534798534799
24.28	 20	 67.93650793650794
24.29	 20	 67.6923076923077
24.3	 20	 68.05860805860806
24.31	 20	 68.03418803418803
24.32	 20	 68.00976800976801
24.33	 20	 68.03418803418803
24.34	 20	 68.15628815628816
24.35	 20	 65.2014652014652
24.36	 20	 68.08302808302808
24.37	 20	 68.05860805860806
24.38	 20	 68.13186813186813
24.39	 20	 68.03418803418803
24.4	 20	 68.03418803418803
24.41	 20	 68.15628815628816
24.42	 20	 68.00976800976801
24.43	 20	 68.08302808302808
24.44	 20	 68.15628815628816
24.45	 20	 68.13186813186813
24.46	 20	 68.08302808302808
24.47	 20	 68.05860805860806
24.48	 20	 68.27838827838828
24.49	 20	 68.08302808302808
24.5	 20	 68.15628815628816
24.51	 20	 68.13186813186813
24.52	 20	 68.32722832722833
24.53	 20	 68.13186813186813
24.54	 20	 68.05860805860806
24.55	 20	 68.15628815628816
24.56	 20	 67.98534798534799
24.57	 20	 68.08302808302808
24.58	 20	 68.08302808302808
24.59	 20	 68.13186813186813
24.6	 20	 68.03418803418803
24.61	 20	 68.05860805860806
24.62	 20	 68.1074481074481
24.63	 20	 68.15628815628816
24.64	 20	 68.05860805860806
24.65	 20	 68.03418803418803
24.66	 20	 68.08302808302808
24.67	 20	 68.15628815628816
24.68	 20	 68.13186813186813
24.69	 20	 68.08302808302808
24.7	 20	 68.05860805860806
24.71	 20	 67.98534798534799
24.72	 20	 68.05860805860806
24.73	 20	 68.05860805860806
24.74	 20	 67.5946275946276
24.75	 20	 68.1074481074481
24.76	 20	 68.22954822954823
24.77	 20	 68.15628815628816
24.78	 20	 68.00976800976801
24.79	 20	 68.08302808302808
24.8	 20	 68.08302808302808
24.81	 20	 68.05860805860806
24.82	 20	 68.00976800976801
24.83	 20	 68.08302808302808
24.84	 20	 68.03418803418803
24.85	 20	 68.08302808302808
24.86	 20	 68.05860805860806
24.87	 20	 68.05860805860806
24.88	 20	 68.1074481074481
24.89	 20	 68.00976800976801
24.9	 20	 68.57142857142857
24.91	 20	 68.1074481074481
24.92	 20	 68.13186813186813
24.93	 20	 68.03418803418803
24.94	 20	 68.05860805860806
24.95	 20	 67.98534798534799
24.96	 20	 68.05860805860806
24.97	 20	 67.98534798534799
24.98	 20	 68.05860805860806
24.99	 20	 68.05860805860806
25	 20	 68.15628815628816
25.01	 20	 68.22954822954823
25.02	 20	 68.1074481074481
25.03	 20	 68.08302808302808
25.04	 20	 68.00976800976801
25.05	 20	 68.2051282051282
25.06	 20	 68.05860805860806
25.07	 20	 68.13186813186813
25.08	 20	 68.32722832722833
25.09	 20	 67.86324786324786
25.1	 20	 68.27838827838828
25.11	 20	 68.03418803418803
25.12	 20	 68.13186813186813
25.13	 20	 68.37606837606837
25.14	 20	 68.15628815628816
25.15	 20	 68.15628815628816
25.16	 20	 68.00976800976801
25.17	 20	 68.08302808302808
25.18	 20	 67.86324786324786
25.19	 20	 68.13186813186813
25.2	 20	 68.05860805860806
25.21	 20	 68.13186813186813
25.22	 20	 68.03418803418803
25.23	 20	 68.15628815628816
25.24	 20	 68.05860805860806
25.25	 20	 67.96092796092796
25.26	 20	 68.05860805860806
25.27	 20	 68.05860805860806
25.28	 20	 67.76556776556777
25.29	 20	 67.98534798534799
25.3	 20	 68.00976800976801
25.31	 20	 67.98534798534799
25.32	 20	 68.05860805860806
25.33	 20	 68.25396825396825
25.34	 20	 68.13186813186813
25.35	 20	 68.13186813186813
25.36	 20	 68.1074481074481
25.37	 20	 69.37728937728937
25.38	 20	 68.15628815628816
25.39	 20	 68.15628815628816
25.4	 20	 68.13186813186813
25.41	 20	 68.13186813186813
25.42	 20	 68.18070818070818
25.43	 20	 68.15628815628816
25.44	 20	 67.98534798534799
25.45	 20	 68.1074481074481
25.46	 20	 68.00976800976801
25.47	 20	 68.00976800976801
25.48	 20	 68.13186813186813
25.49	 20	 68.15628815628816
25.5	 20	 68.00976800976801
25.51	 20	 68.15628815628816
25.52	 20	 68.08302808302808
25.53	 20	 68.13186813186813
25.54	 20	 68.05860805860806
25.55	 20	 68.1074481074481
25.56	 20	 68.13186813186813
25.57	 20	 68.1074481074481
25.58	 20	 68.15628815628816
25.59	 20	 68.25396825396825
25.6	 20	 68.15628815628816
25.61	 20	 68.15628815628816
25.62	 20	 68.1074481074481
25.63	 20	 68.05860805860806
25.64	 20	 68.15628815628816
25.65	 20	 68.15628815628816
25.66	 20	 68.15628815628816
25.67	 20	 68.08302808302808
25.68	 20	 68.15628815628816
25.69	 20	 68.15628815628816
25.7	 20	 67.78998778998779
25.71	 20	 68.13186813186813
25.72	 20	 68.13186813186813
25.73	 20	 68.1074481074481
25.74	 20	 68.4004884004884
25.75	 20	 68.15628815628816
25.76	 20	 68.15628815628816
25.77	 20	 68.05860805860806
25.78	 20	 68.13186813186813
25.79	 20	 68.03418803418803
25.8	 20	 68.13186813186813
25.81	 20	 67.64346764346764
25.82	 20	 68.05860805860806
25.83	 20	 68.1074481074481
25.84	 20	 68.05860805860806
25.85	 20	 68.05860805860806
25.86	 20	 67.98534798534799
25.87	 20	 68.15628815628816
25.88	 20	 68.13186813186813
25.89	 20	 68.05860805860806
25.9	 20	 68.05860805860806
25.91	 20	 68.00976800976801
25.92	 20	 68.1074481074481
25.93	 20	 68.08302808302808
25.94	 20	 68.05860805860806
25.95	 20	 68.05860805860806
25.96	 20	 68.1074481074481
25.97	 20	 68.15628815628816
25.98	 20	 68.1074481074481
25.99	 20	 68.1074481074481
26	 20	 68.15628815628816
26.01	 20	 68.2051282051282
26.02	 20	 68.37606837606837
26.03	 20	 68.27838827838828
26.04	 20	 68.25396825396825
26.05	 20	 68.22954822954823
26.06	 20	 68.2051282051282
26.07	 20	 68.25396825396825
26.08	 20	 68.27838827838828
26.09	 20	 68.15628815628816
26.1	 20	 68.32722832722833
26.11	 20	 68.15628815628816
26.12	 20	 68.27838827838828
26.13	 20	 68.25396825396825
26.14	 20	 68.15628815628816
26.15	 20	 68.27838827838828
26.16	 20	 68.15628815628816
26.17	 20	 68.15628815628816
26.18	 20	 68.1074481074481
26.19	 20	 68.05860805860806
26.2	 20	 67.98534798534799
26.21	 20	 68.13186813186813
26.22	 20	 68.15628815628816
26.23	 20	 68.08302808302808
26.24	 20	 68.13186813186813
26.25	 20	 68.15628815628816
26.26	 20	 68.13186813186813
26.27	 20	 68.1074481074481
26.28	 20	 68.18070818070818
26.29	 20	 68.15628815628816
26.3	 20	 68.18070818070818
26.31	 20	 68.15628815628816
26.32	 20	 68.13186813186813
26.33	 20	 67.93650793650794
26.34	 20	 68.37606837606837
26.35	 20	 68.1074481074481
26.36	 20	 68.18070818070818
26.37	 20	 67.81440781440782
26.38	 20	 68.13186813186813
26.39	 20	 68.05860805860806
26.4	 20	 67.81440781440782
26.41	 20	 68.15628815628816
26.42	 20	 68.05860805860806
26.43	 20	 68.08302808302808
26.44	 20	 68.15628815628816
26.45	 20	 68.05860805860806
26.46	 20	 68.1074481074481
26.47	 20	 68.15628815628816
26.48	 20	 68.00976800976801
26.49	 20	 68.08302808302808
26.5	 20	 68.13186813186813
26.51	 20	 68.13186813186813
26.52	 20	 67.93650793650794
26.53	 20	 68.1074481074481
26.54	 20	 68.05860805860806
26.55	 20	 68.08302808302808
26.56	 20	 68.15628815628816
26.57	 20	 68.1074481074481
26.58	 20	 68.13186813186813
26.59	 20	 68.13186813186813
26.6	 20	 68.15628815628816
26.61	 20	 68.15628815628816
26.62	 20	 68.2051282051282
26.63	 20	 68.32722832722833
26.64	 20	 68.05860805860806
26.65	 20	 68.15628815628816
26.66	 20	 68.03418803418803
26.67	 20	 68.15628815628816
26.68	 20	 68.15628815628816
26.69	 20	 68.13186813186813
26.7	 20	 68.27838827838828
26.71	 20	 68.05860805860806
26.72	 20	 68.15628815628816
26.73	 20	 69.91452991452991
26.74	 20	 68.15628815628816
26.75	 20	 68.15628815628816
26.76	 20	 68.15628815628816
26.77	 20	 68.15628815628816
26.78	 20	 68.15628815628816
26.79	 20	 68.13186813186813
26.8	 20	 68.08302808302808
26.81	 20	 68.08302808302808
26.82	 20	 68.37606837606837
26.83	 20	 68.1074481074481
26.84	 20	 68.05860805860806
26.85	 20	 68.13186813186813
26.86	 20	 68.15628815628816
26.87	 20	 68.15628815628816
26.88	 20	 68.05860805860806
26.89	 20	 68.13186813186813
26.9	 20	 68.1074481074481
26.91	 20	 68.00976800976801
26.92	 20	 68.08302808302808
26.93	 20	 68.05860805860806
26.94	 20	 68.1074481074481
26.95	 20	 68.15628815628816
26.96	 20	 68.08302808302808
26.97	 20	 68.13186813186813
26.98	 20	 68.1074481074481
26.99	 20	 68.00976800976801
