0	 0	 0
0.01	 0	 0
0.02	 0	 0
0.03	 0	 0
0.04	 0	 0
0.05	 0	 0
0.06	 0	 0
0.07	 0	 0
0.08	 0	 0
0.09	 0	 0
0.1	 0	 0
0.11	 0	 0
0.12	 0	 0
0.13	 0	 0
0.14	 0	 0
0.15	 0	 0
0.16	 0	 0
0.17	 0	 0
0.18	 0	 0
0.19	 0	 0
0.2	 0	 0
0.21	 0	 0
0.22	 0	 0
0.23	 0	 0
0.24	 0	 0
0.25	 0	 0
0.26	 0	 0
0.27	 0	 0
0.28	 0	 0
0.29	 0	 0
0.3	 0	 0
0.31	 0	 0
0.32	 0	 0
0.33	 0	 0
0.34	 0	 0
0.35	 0	 0
0.36	 0	 0
0.37	 0	 0
0.38	 0	 0
0.39	 0	 0
0.4	 0	 0
0.41	 0	 0
0.42	 0	 0
0.43	 0	 0
0.44	 0	 0
0.45	 0	 0
0.46	 0	 0
0.47	 0	 0
0.48	 0	 0
0.49	 0	 0
0.5	 0	 0
0.51	 0	 0
0.52	 0	 0
0.53	 0	 0
0.54	 0	 0
0.55	 0	 0
0.56	 0	 0
0.57	 0	 0
0.58	 0	 0
0.59	 0	 0
0.6	 0	 0
0.61	 0	 0
0.62	 0	 0
0.63	 0	 0
0.64	 0	 0
0.65	 0	 0
0.66	 0	 0
0.67	 0	 0
0.68	 0	 0
0.69	 0	 0
0.7	 0	 0
0.71	 0	 0
0.72	 0	 0
0.73	 0	 0
0.74	 0	 0
0.75	 0	 0
0.76	 0	 0
0.77	 0	 0
0.78	 0	 0
0.79	 0	 0
0.8	 0	 0
0.81	 0	 0
0.82	 0	 0
0.83	 0	 0
0.84	 0	 0
0.85	 0	 0
0.86	 0	 0
0.87	 0	 0
0.88	 0	 0
0.89	 0	 0
0.9	 0	 0
0.91	 0	 0
0.92	 0	 0
0.93	 0	 0
0.94	 0	 0
0.95	 0	 0
0.96	 0	 0
0.97	 0	 0
0.98	 0	 0
0.99	 0	 0
1	 0	 0
1.01	 0	 0
1.02	 0	 0
1.03	 0	 0
1.04	 0	 0
1.05	 0	 0
1.06	 0	 0
1.07	 0	 0
1.08	 0	 0
1.09	 0	 0
1.1	 0	 0
1.11	 0	 0
1.12	 0	 0
1.13	 0	 0
1.14	 0	 0
1.15	 0	 0
1.16	 0	 0
1.17	 0	 0
1.18	 0	 0
1.19	 0	 0
1.2	 0	 0
1.21	 0	 0
1.22	 0	 0
1.23	 0	 0
1.24	 0	 0
1.25	 0	 0
1.26	 0	 0
1.27	 0	 0
1.28	 0	 0
1.29	 0	 0
1.3	 0	 0
1.31	 0	 0
1.32	 0	 0
1.33	 0	 0
1.34	 0	 0
1.35	 0	 0
1.36	 0	 0
1.37	 0	 0
1.38	 0	 0
1.39	 0	 0
1.4	 0	 0
1.41	 0	 0
1.42	 0	 0
1.43	 0	 0
1.44	 0	 0
1.45	 0	 0
1.46	 0	 0
1.47	 0	 0
1.48	 0	 0
1.49	 0	 0
1.5	 0	 0
1.51	 0	 0
1.52	 0	 0
1.53	 0	 0
1.54	 0	 0
1.55	 0	 0
1.56	 0	 0
1.57	 0	 0
1.58	 0	 0
1.59	 0	 0
1.6	 0	 0
1.61	 0	 0
1.62	 0	 0
1.63	 0	 0
1.64	 0	 0
1.65	 0	 0
1.66	 0	 0
1.67	 0	 0
1.68	 0	 0
1.69	 0	 0
1.7	 0	 0
1.71	 0	 0
1.72	 0	 0
1.73	 0	 0
1.74	 0	 0
1.75	 0	 0
1.76	 0	 0
1.77	 0	 0
1.78	 0	 0
1.79	 0	 0
1.8	 0	 0
1.81	 0	 0
1.82	 0	 0
1.83	 0	 0
1.84	 0	 0
1.85	 0	 0
1.86	 0	 0
1.87	 0	 0
1.88	 0	 0
1.89	 0	 0
1.9	 0	 0
1.91	 0	 0
1.92	 0	 0
1.93	 0	 0
1.94	 0	 0
1.95	 0	 0
1.96	 0	 0
1.97	 0	 0
1.98	 0	 0
1.99	 0	 0
2	 0	 0
2.01	 0	 0
2.02	 0	 0
2.03	 0	 0
2.04	 0	 0
2.05	 0	 0
2.06	 0	 0
2.07	 0	 0
2.08	 0	 0
2.09	 0	 0
2.1	 0	 0
2.11	 0	 0
2.12	 0	 0
2.13	 0	 0
2.14	 0	 0
2.15	 0	 0
2.16	 0	 0
2.17	 0	 0
2.18	 0	 0
2.19	 0	 0
2.2	 0	 0
2.21	 0	 0
2.22	 0	 0
2.23	 0	 0
2.24	 0	 0
2.25	 0	 0
2.26	 0	 0
2.27	 0	 0
2.28	 0	 0
2.29	 0	 0
2.3	 0	 0
2.31	 0	 0
2.32	 0	 0
2.33	 0	 0
2.34	 0	 0
2.35	 0	 0
2.36	 0	 0
2.37	 0	 0
2.38	 0	 0
2.39	 0	 0
2.4	 0	 0
2.41	 0	 0
2.42	 0	 0
2.43	 0	 0
2.44	 0	 0
2.45	 0	 0
2.46	 0	 0
2.47	 0	 0
2.48	 0	 0
2.49	 0	 0
2.5	 0	 0
2.51	 0	 0
2.52	 0	 0
2.53	 0	 0
2.54	 0	 0
2.55	 0	 0
2.56	 0	 0
2.57	 0	 0
2.58	 0	 0
2.59	 0	 0
2.6	 0	 0
2.61	 0	 0
2.62	 0	 0
2.63	 0	 0
2.64	 0	 0
2.65	 0	 0
2.66	 0	 0
2.67	 0	 0
2.68	 0	 0
2.69	 0	 0
2.7	 0	 0
2.71	 0	 0
2.72	 0	 0
2.73	 0	 0
2.74	 0	 0
2.75	 0	 0
2.76	 0	 0
2.77	 0	 0
2.78	 0	 0
2.79	 0	 0
2.8	 0	 0
2.81	 0	 0
2.82	 0	 0
2.83	 0	 0
2.84	 0	 0
2.85	 0	 0
2.86	 0	 0
2.87	 0	 0
2.88	 0	 0
2.89	 0	 0
2.9	 0	 0
2.91	 0	 0
2.92	 0	 0
2.93	 0	 0
2.94	 0	 0
2.95	 0	 0
2.96	 0	 0
2.97	 0	 0
2.98	 0	 0
2.99	 0	 0
3	 0	 0
3.01	 0	 0
3.02	 0	 0
3.03	 0	 0
3.04	 0	 0
3.05	 0	 0
3.06	 0	 0
3.07	 0	 0
3.08	 0	 0
3.09	 0	 0
3.1	 0	 0
3.11	 0	 0
3.12	 0	 0
3.13	 0	 0
3.14	 0	 0
3.15	 0	 0
3.16	 0	 0
3.17	 0	 0
3.18	 0	 0
3.19	 0	 0
3.2	 0	 0
3.21	 0	 0
3.22	 0	 0
3.23	 0	 0
3.24	 0	 0
3.25	 0	 0
3.26	 0	 0
3.27	 0	 0
3.28	 0	 0
3.29	 0	 0
3.3	 0	 0
3.31	 0	 0
3.32	 0	 0
3.33	 0	 0
3.34	 0	 0
3.35	 0	 0
3.36	 0	 0
3.37	 0	 0
3.38	 0	 0
3.39	 0	 0
3.4	 0	 0
3.41	 0	 0
3.42	 0	 0
3.43	 0	 0
3.44	 0	 0
3.45	 0	 0
3.46	 0	 0
3.47	 0	 0
3.48	 0	 0
3.49	 0	 0
3.5	 0	 0
3.51	 0	 0
3.52	 0	 0
3.53	 0	 0
3.54	 0	 0
3.55	 0	 0
3.56	 0	 0
3.57	 0	 0
3.58	 0	 0
3.59	 0	 0
3.6	 0	 0
3.61	 0	 0
3.62	 0	 0
3.63	 0	 0
3.64	 0	 0
3.65	 0	 0
3.66	 0	 0
3.67	 0	 0
3.68	 0	 0
3.69	 0	 0
3.7	 0	 0
3.71	 0	 0
3.72	 0	 0
3.73	 0	 0
3.74	 0	 0
3.75	 0	 0
3.76	 0	 0
3.77	 0	 0
3.78	 0	 0
3.79	 0	 0
3.8	 0	 0
3.81	 0	 0
3.82	 0	 0
3.83	 0	 0
3.84	 0	 0
3.85	 0	 0
3.86	 0	 0
3.87	 0	 0
3.88	 0	 0
3.89	 0	 0
3.9	 0	 0
3.91	 0	 0
3.92	 0	 0
3.93	 0	 0
3.94	 0	 0
3.95	 0	 0
3.96	 0	 0
3.97	 0	 0
3.98	 0	 0
3.99	 0	 0
4	 0	 0
4.01	 0	 0
4.02	 0	 0
4.03	 0	 0
4.04	 0	 0
4.05	 0	 0
4.06	 0	 0
4.07	 0	 0
4.08	 0	 0
4.09	 0	 0
4.1	 0	 0
4.11	 0	 0
4.12	 0	 0
4.13	 0	 0
4.14	 0	 0
4.15	 0	 0
4.16	 0	 0
4.17	 0	 0
4.18	 0	 0
4.19	 0	 0
4.2	 0	 0
4.21	 0	 0
4.22	 0	 0
4.23	 0	 0
4.24	 0	 0
4.25	 0	 0
4.26	 0	 0
4.27	 0	 0
4.28	 0	 0
4.29	 0	 0
4.3	 0	 0
4.31	 0	 0
4.32	 0	 0
4.33	 0	 0
4.34	 0	 0
4.35	 0	 0
4.36	 0	 0
4.37	 0	 0
4.38	 0	 0
4.39	 0	 0
4.4	 0	 0
4.41	 0	 0
4.42	 0	 0
4.43	 0	 0
4.44	 0	 0
4.45	 0	 0
4.46	 0	 0
4.47	 0	 0
4.48	 0	 0
4.49	 0	 0
4.5	 0	 0
4.51	 0	 0
4.52	 0	 0
4.53	 0	 0
4.54	 0	 0
4.55	 0	 0
4.56	 0	 0
4.57	 0	 0
4.58	 0	 0
4.59	 0	 0
4.6	 0	 0
4.61	 0	 0
4.62	 0	 0
4.63	 0	 0
4.64	 0	 0
4.65	 0	 0
4.66	 0	 0
4.67	 0	 0
4.68	 0	 0
4.69	 0	 0
4.7	 0	 0
4.71	 0	 0
4.72	 0	 0
4.73	 0	 0
4.74	 0	 0
4.75	 0	 0
4.76	 0	 0
4.77	 0	 0
4.78	 0	 0
4.79	 0	 0
4.8	 0	 0
4.81	 0	 0
4.82	 0	 0
4.83	 0	 0
4.84	 0	 0
4.85	 0	 0
4.86	 0	 0
4.87	 0	 0
4.88	 0	 0
4.89	 0	 0
4.9	 0	 0
4.91	 0	 0
4.92	 0	 0
4.93	 0	 0
4.94	 0	 0
4.95	 0	 0
4.96	 0	 0
4.97	 0	 0
4.98	 0	 0
4.99	 0	 0
5	 0	 0
5.01	 0	 0
5.02	 0	 0
5.03	 0	 0
5.04	 0	 0
5.05	 0	 0
5.06	 0	 0
5.07	 0	 0
5.08	 0	 0
5.09	 0	 0
5.1	 0	 0
5.11	 0	 0
5.12	 0	 0
5.13	 0	 0
5.14	 0	 0
5.15	 0	 0
5.16	 0	 0
5.17	 0	 0
5.18	 0	 0
5.19	 0	 0
5.2	 0	 0
5.21	 0	 0
5.22	 0	 0
5.23	 0	 0
5.24	 0	 0
5.25	 0	 0
5.26	 0	 0
5.27	 0	 0
5.28	 0	 0
5.29	 0	 0
5.3	 0	 0
5.31	 0	 0
5.32	 0	 0
5.33	 0	 0
5.34	 0	 0
5.35	 0	 0
5.36	 0	 0
5.37	 0	 0
5.38	 0	 0
5.39	 0	 0
5.4	 0	 0
5.41	 0	 0
5.42	 0	 0
5.43	 0	 0
5.44	 0	 0
5.45	 0	 0
5.46	 0	 0
5.47	 0	 0
5.48	 0	 0
5.49	 0	 0
5.5	 0	 0
5.51	 0	 0
5.52	 0	 0
5.53	 0	 0
5.54	 0	 0
5.55	 0	 0
5.56	 0	 0
5.57	 0	 0
5.58	 0	 0
5.59	 0	 0
5.6	 0	 0
5.61	 0	 0
5.62	 0	 0
5.63	 0	 0
5.64	 0	 0
5.65	 0	 0
5.66	 0	 0
5.67	 0	 0
5.68	 0	 0
5.69	 0	 0
5.7	 0	 0
5.71	 0	 0
5.72	 0	 0
5.73	 0	 0
5.74	 0	 0
5.75	 0	 0
5.76	 0	 0
5.77	 0	 0
5.78	 0	 0
5.79	 0	 0
5.8	 0	 0
5.81	 0	 0
5.82	 0	 0
5.83	 0	 0
5.84	 0	 0
5.85	 0	 0
5.86	 0	 0
5.87	 0	 0
5.88	 0	 0
5.89	 0	 0
5.9	 0	 0
5.91	 0	 0
5.92	 0	 0
5.93	 0	 0
5.94	 0	 0
5.95	 0	 0
5.96	 0	 0
5.97	 0	 0
5.98	 0	 0
5.99	 0	 0
6	 0	 0
6.01	 0	 0
6.02	 0	 0
6.03	 0	 0
6.04	 0	 0
6.05	 0	 0
6.06	 0	 0
6.07	 0	 0
6.08	 0	 0
6.09	 0	 0
6.1	 0	 0
6.11	 0	 0
6.12	 0	 0
6.13	 0	 0
6.14	 0	 0
6.15	 0	 0
6.16	 0	 0
6.17	 0	 0
6.18	 0	 0
6.19	 0	 0
6.2	 0	 0
6.21	 0	 0
6.22	 0	 0
6.23	 0	 0
6.24	 0	 0
6.25	 0	 0
6.26	 0	 0
6.27	 0	 0
6.28	 0	 0
6.29	 0	 0
6.3	 0	 0
6.31	 0	 0
6.32	 0	 0
6.33	 0	 0
6.34	 0	 0
6.35	 0	 0
6.36	 0	 0
6.37	 0	 0
6.38	 0	 0
6.39	 0	 0
6.4	 0	 0
6.41	 0	 0
6.42	 0	 0
6.43	 0	 0
6.44	 0	 0
6.45	 0	 0
6.46	 0	 0
6.47	 0	 0
6.48	 0	 0
6.49	 0	 0
6.5	 0	 0
6.51	 0	 0
6.52	 0	 0
6.53	 0	 0
6.54	 0	 0
6.55	 0	 0
6.56	 0	 0
6.57	 0	 0
6.58	 0	 0
6.59	 0	 0
6.6	 0	 0
6.61	 0	 0
6.62	 0	 0
6.63	 0	 0
6.64	 0	 0
6.65	 0	 0
6.66	 0	 0
6.67	 0	 0
6.68	 0	 0
6.69	 0	 0
6.7	 0	 0
6.71	 0	 0
6.72	 0	 0
6.73	 0	 0
6.74	 0	 0
6.75	 0	 0
6.76	 0	 0
6.77	 0	 0
6.78	 0	 0
6.79	 0	 0
6.8	 0	 0
6.81	 0	 0
6.82	 0	 0
6.83	 0	 0
6.84	 0	 0
6.85	 0	 0
6.86	 0	 0
6.87	 0	 0
6.88	 0	 0
6.89	 0	 0
6.9	 0	 0
6.91	 0	 0
6.92	 0	 0
6.93	 0	 0
6.94	 0	 0
6.95	 0	 0
6.96	 0	 0
6.97	 0	 0
6.98	 0	 0
6.99	 0	 0
7	 0	 0
7.01	 0	 0
7.02	 0	 0
7.03	 0	 0
7.04	 0	 0
7.05	 0	 0
7.06	 0	 0
7.07	 0	 0
7.08	 0	 0
7.09	 0	 0
7.1	 0	 0
7.11	 0	 0
7.12	 0	 0
7.13	 0	 0
7.14	 0	 0
7.15	 0	 0
7.16	 0	 0
7.17	 0	 0
7.18	 0	 0
7.19	 0	 0
7.2	 0	 0
7.21	 0	 0
7.22	 0	 0
7.23	 0	 0
7.24	 0	 0
7.25	 0	 0
7.26	 0	 0
7.27	 0	 0
7.28	 0	 0
7.29	 0	 0
7.3	 0	 0
7.31	 0	 0
7.32	 0	 0
7.33	 0	 0
7.34	 0	 0
7.35	 0	 0
7.36	 0	 0
7.37	 0	 0
7.38	 0	 0
7.39	 0	 0
7.4	 0	 0
7.41	 0	 0
7.42	 0	 0
7.43	 0	 0
7.44	 0	 0
7.45	 0	 0
7.46	 0	 0
7.47	 0	 0
7.48	 0	 0
7.49	 0	 0
7.5	 0	 0
7.51	 0	 0
7.52	 0	 0
7.53	 0	 0
7.54	 0	 0
7.55	 0	 0
7.56	 0	 0
7.57	 0	 0
7.58	 0	 0
7.59	 0	 0
7.6	 0	 0
7.61	 0	 0
7.62	 0	 0
7.63	 0	 0
7.64	 0	 0
7.65	 0	 0
7.66	 0	 0
7.67	 0	 0
7.68	 0	 0
7.69	 0	 0
7.7	 0	 0
7.71	 0	 0
7.72	 0	 0
7.73	 0	 0
7.74	 0	 0
7.75	 0	 0
7.76	 0	 0
7.77	 0	 0
7.78	 0	 0
7.79	 0	 0
7.8	 0	 0
7.81	 0	 0
7.82	 0	 0
7.83	 0	 0
7.84	 0	 0
7.85	 0	 0
7.86	 0	 0
7.87	 0	 0
7.88	 0	 0
7.89	 0	 0
7.9	 0	 0
7.91	 0	 0
7.92	 0	 0
7.93	 0	 0
7.94	 0	 0
7.95	 0	 0
7.96	 0	 0
7.97	 0	 0
7.98	 0	 0
7.99	 0	 0
8	 0	 0
8.01	 0	 0
8.02	 0	 0
8.03	 0	 0
8.04	 0	 0
8.05	 0	 0
8.06	 0	 0
8.07	 0	 0
8.08	 0	 0
8.09	 0	 0
8.1	 0	 0
8.11	 0	 0
8.12	 0	 0
8.13	 0	 0
8.14	 0	 0
8.15	 0	 0
8.16	 0	 0
8.17	 0	 0
8.18	 0	 0
8.19	 0	 0
8.2	 0	 0
8.21	 0	 0
8.22	 0	 0
8.23	 0	 0
8.24	 0	 0
8.25	 0	 0
8.26	 0	 0
8.27	 0	 0
8.28	 0	 0
8.29	 0	 0
8.3	 0	 0
8.31	 0	 0
8.32	 0	 0
8.33	 0	 0
8.34	 0	 0
8.35	 0	 0
8.36	 0	 0
8.37	 0	 0
8.38	 0	 0
8.39	 0	 0
8.4	 0	 0
8.41	 0	 0
8.42	 0	 0
8.43	 0	 0
8.44	 0	 0
8.45	 0	 0
8.46	 0	 0
8.47	 0	 0
8.48	 0	 0
8.49	 0	 0
8.5	 0	 0
8.51	 0	 0
8.52	 0	 0
8.53	 0	 0
8.54	 0	 0
8.55	 0	 0
8.56	 0	 0
8.57	 0	 0
8.58	 0	 0
8.59	 0	 0
8.6	 0	 0
8.61	 0	 0
8.62	 0	 0
8.63	 0	 0
8.64	 0	 0
8.65	 0	 0
8.66	 0	 0
8.67	 0	 0
8.68	 0	 0
8.69	 0	 0
8.7	 0	 0
8.71	 0	 0
8.72	 0	 0
8.73	 0	 0
8.74	 0	 0
8.75	 0	 0
8.76	 0	 0
8.77	 0	 0
8.78	 0	 0
8.79	 0	 0
8.8	 0	 0
8.81	 0	 0
8.82	 0	 0
8.83	 0	 0
8.84	 0	 0
8.85	 0	 0
8.86	 0	 0
8.87	 0	 0
8.88	 0	 0
8.89	 0	 0
8.9	 0	 0
8.91	 0	 0
8.92	 0	 0
8.93	 0	 0
8.94	 0	 0
8.95	 0	 0
8.96	 0	 0
8.97	 0	 0
8.98	 0	 0
8.99	 0	 0
9	 0	 0
9.01	 0	 0
9.02	 0	 0
9.03	 0	 0
9.04	 0	 0
9.05	 0	 0
9.06	 0	 0
9.07	 0	 0
9.08	 0	 0
9.09	 0	 0
9.1	 0	 0
9.11	 0	 0
9.12	 0	 0
9.13	 0	 0
9.14	 0	 0
9.15	 0	 0
9.16	 0	 0
9.17	 0	 0
9.18	 0	 0
9.19	 0	 0
9.2	 0	 0
9.21	 0	 0
9.22	 0	 0
9.23	 0	 0
9.24	 0	 0
9.25	 0	 0
9.26	 0	 0
9.27	 0	 0
9.28	 0	 0
9.29	 0	 0
9.3	 0	 0
9.31	 0	 0
9.32	 0	 0
9.33	 0	 0
9.34	 0	 0
9.35	 0	 0
9.36	 0	 0
9.37	 0	 0
9.38	 0	 0
9.39	 0	 0
9.4	 0	 0
9.41	 0	 0
9.42	 0	 0
9.43	 0	 0
9.44	 0	 0
9.45	 0	 0
9.46	 0	 0
9.47	 0	 0
9.48	 0	 0
9.49	 0	 0
9.5	 0	 0
9.51	 0	 0
9.52	 0	 0
9.53	 0	 0
9.54	 0	 0
9.55	 0	 0
9.56	 0	 0
9.57	 0	 0
9.58	 0	 0
9.59	 0	 0
9.6	 0	 0
9.61	 0	 0
9.62	 0	 0
9.63	 0	 0
9.64	 0	 0
9.65	 0	 0
9.66	 0	 0
9.67	 0	 0
9.68	 0	 0
9.69	 0	 0
9.7	 0	 0
9.71	 0	 0
9.72	 0	 0
9.73	 0	 0
9.74	 0	 0
9.75	 0	 0
9.76	 0	 0
9.77	 0	 0
9.78	 0	 0
9.79	 0	 0
9.8	 0	 0
9.81	 0	 0
9.82	 0	 0
9.83	 0	 0
9.84	 0	 0
9.85	 0	 0
9.86	 0	 0
9.87	 0	 0
9.88	 0	 0
9.89	 0	 0
9.9	 0	 0
9.91	 0	 0
9.92	 0	 0
9.93	 0	 0
9.94	 0	 0
9.95	 0	 0
9.96	 0	 0
9.97	 0	 0
9.98	 0	 0
9.99	 0	 0
10	 0	 0
10.01	 0	 0
10.02	 0	 0
10.03	 0	 0
10.04	 0	 0
10.05	 0	 0
10.06	 0	 0
10.07	 0	 0
10.08	 0	 0
10.09	 0	 0
10.1	 0	 0
10.11	 0	 0
10.12	 0	 0
10.13	 0	 0
10.14	 0	 0
10.15	 0	 0
10.16	 0	 0
10.17	 0	 0
10.18	 0	 0
10.19	 0	 0
10.2	 0	 0
10.21	 0	 0
10.22	 0	 0
10.23	 0	 0
10.24	 0	 0
10.25	 0	 0
10.26	 0	 0
10.27	 0	 0
10.28	 0	 0
10.29	 10	 0
10.3	 10	 0
10.31	 10	 0
10.32	 10	 0
10.33	 10	 0
10.34	 10	 0
10.35	 10	 0
10.36	 10	 0
10.37	 10	 0
10.38	 10	 0
10.39	 10	 0
10.4	 10	 0
10.41	 10	 0
10.42	 10	 0
10.43	 10	 0
10.44	 10	 0
10.45	 10	 0
10.46	 10	 0
10.47	 10	 0
10.48	 10	 0
10.49	 10	 0
10.5	 10	 0
10.51	 10	 0
10.52	 10	 0
10.53	 10	 0
10.54	 10	 0
10.55	 10	 0
10.56	 10	 0
10.57	 10	 0
10.58	 10	 0
10.59	 10	 0
10.6	 10	 0
10.61	 10	 0
10.62	 10	 0
10.63	 10	 0
10.64	 10	 0
10.65	 10	 0
10.66	 10	 0
10.67	 10	 0
10.68	 10	 0
10.69	 10	 0
10.7	 10	 0
10.71	 10	 0
10.72	 10	 0
10.73	 10	 0
10.74	 10	 0
10.75	 10	 0
10.76	 10	 0
10.77	 10	 0
10.78	 10	 0
10.79	 10	 0
10.8	 10	 0
10.81	 10	 0
10.82	 10	 0
10.83	 10	 0
10.84	 10	 0
10.85	 10	 0
10.86	 10	 0
10.87	 10	 0
10.88	 10	 0
10.89	 10	 0
10.9	 10	 0
10.91	 10	 0
10.92	 10	 0
10.93	 10	 0
10.94	 10	 0
10.95	 10	 0
10.96	 10	 0
10.97	 10	 0
10.98	 10	 0.7814407814407814
10.99	 10	 2.1001221001221
11	 10	 3.5409035409035408
11.01	 10	 6.666666666666667
11.02	 10	 6.544566544566544
11.03	 10	 7.741147741147741
11.04	 10	 9.206349206349206
11.05	 10	 10.842490842490843
11.06	 10	 12.087912087912088
11.07	 10	 13.333333333333334
11.08	 10	 14.627594627594627
11.09	 10	 15.457875457875458
11.1	 10	 16.825396825396826
11.11	 10	 17.973137973137973
11.12	 10	 18.82783882783883
11.13	 10	 19.60927960927961
11.14	 10	 20.293040293040292
11.15	 10	 20.927960927960928
11.16	 10	 21.562881562881564
11.17	 10	 21.831501831501832
11.18	 10	 22.31990231990232
11.19	 10	 22.735042735042736
11.2	 10	 23.052503052503052
11.21	 10	 23.27228327228327
11.22	 10	 23.540903540903543
11.23	 10	 23.76068376068376
11.24	 10	 23.907203907203908
11.25	 10	 24.32234432234432
11.26	 10	 24.273504273504273
11.27	 10	 25.103785103785103
11.28	 10	 24.49328449328449
11.29	 10	 24.590964590964592
11.3	 10	 24.395604395604394
11.31	 10	 24.664224664224665
11.32	 10	 24.81074481074481
11.33	 10	 24.68864468864469
11.34	 10	 24.90842490842491
11.35	 10	 24.932844932844933
11.36	 10	 25.07936507936508
11.37	 10	 25.25030525030525
11.38	 10	 25.641025641025642
11.39	 10	 25.934065934065934
11.4	 10	 26.42246642246642
11.41	 10	 27.106227106227106
11.42	 10	 27.741147741147742
11.43	 10	 28.35164835164835
11.44	 10	 29.27960927960928
11.45	 10	 29.841269841269842
11.46	 10	 30.54945054945055
11.47	 10	 31.526251526251528
11.48	 10	 29.76800976800977
11.49	 10	 32.33211233211233
11.5	 10	 32.99145299145299
11.51	 10	 33.553113553113555
11.52	 10	 34.04151404151404
11.53	 10	 34.35897435897436
11.54	 10	 34.74969474969475
11.55	 10	 35.14041514041514
11.56	 10	 35.53113553113553
11.57	 10	 35.7997557997558
11.58	 10	 35.92185592185592
11.59	 10	 36.166056166056165
11.6	 10	 36.41025641025641
11.61	 10	 36.556776556776555
11.62	 10	 36.75213675213675
11.63	 10	 36.84981684981685
11.64	 10	 36.97191697191697
11.65	 10	 37.020757020757024
11.66	 10	 37.16727716727717
11.67	 10	 37.21611721611722
11.68	 10	 37.313797313797316
11.69	 10	 37.33821733821734
11.7	 10	 37.60683760683761
11.71	 10	 37.411477411477414
11.72	 10	 37.50915750915751
11.73	 10	 37.48473748473749
11.74	 10	 37.43589743589744
11.75	 10	 37.60683760683761
11.76	 10	 37.72893772893773
11.77	 10	 37.60683760683761
11.78	 10	 37.533577533577535
11.79	 10	 37.582417582417584
11.8	 10	 37.704517704517706
11.81	 10	 37.68009768009768
11.82	 10	 37.8021978021978
11.83	 10	 37.77777777777778
11.84	 10	 38.046398046398046
11.85	 10	 37.28937728937729
11.86	 10	 38.24175824175824
11.87	 10	 38.46153846153846
11.88	 10	 38.55921855921856
11.89	 10	 38.68131868131868
11.9	 10	 38.876678876678874
11.91	 10	 39.02319902319903
11.92	 10	 39.120879120879124
11.93	 10	 38.9010989010989
11.94	 10	 39.462759462759465
11.95	 10	 39.48717948717949
11.96	 10	 39.65811965811966
11.97	 10	 39.92673992673993
11.98	 10	 39.75579975579976
11.99	 10	 39.853479853479854
12	 10	 39.92673992673993
12.01	 10	 40.07326007326007
12.02	 10	 40.12210012210012
12.03	 10	 40.24420024420024
12.04	 10	 40.24420024420024
12.05	 10	 40.195360195360195
12.06	 10	 40.24420024420024
12.07	 10	 40.34188034188034
12.08	 10	 40.34188034188034
12.09	 10	 40.26862026862027
12.1	 10	 40.26862026862027
12.11	 10	 40.317460317460316
12.12	 10	 40.317460317460316
12.13	 10	 40.317460317460316
12.14	 10	 39.92673992673993
12.15	 10	 40.366300366300365
12.16	 10	 40.415140415140414
12.17	 10	 40.46398046398046
12.18	 10	 40.46398046398046
12.19	 10	 40.39072039072039
12.2	 10	 40.366300366300365
12.21	 10	 40.317460317460316
12.22	 10	 40.366300366300365
12.23	 10	 40.0976800976801
12.24	 10	 40.317460317460316
12.25	 10	 40.415140415140414
12.26	 10	 40.43956043956044
12.27	 10	 40.415140415140414
12.28	 10	 40.46398046398046
12.29	 10	 40.46398046398046
12.3	 10	 40.56166056166056
12.31	 10	 40.73260073260073
12.32	 10	 40.56166056166056
12.33	 10	 40.51282051282051
12.34	 10	 40.65934065934066
12.35	 10	 40.61050061050061
12.36	 10	 40.68376068376068
12.37	 10	 40.68376068376068
12.38	 10	 40.68376068376068
12.39	 10	 40.708180708180706
12.4	 10	 40.78144078144078
12.41	 10	 40.879120879120876
12.42	 10	 40.708180708180706
12.43	 10	 40.83028083028083
12.44	 10	 40.73260073260073
12.45	 10	 40.8058608058608
12.46	 10	 40.9035409035409
12.47	 10	 40.879120879120876
12.48	 10	 40.85470085470085
12.49	 10	 40.879120879120876
12.5	 10	 40.85470085470085
12.51	 10	 40.8058608058608
12.52	 10	 40.83028083028083
12.53	 10	 40.927960927960925
12.54	 10	 40.708180708180706
12.55	 10	 40.8058608058608
12.56	 10	 40.146520146520146
12.57	 10	 40.95238095238095
12.58	 10	 40.879120879120876
12.59	 10	 40.78144078144078
12.6	 10	 40.8058608058608
12.61	 10	 40.879120879120876
12.62	 10	 40.927960927960925
12.63	 10	 40.85470085470085
12.64	 10	 40.83028083028083
12.65	 10	 40.927960927960925
12.66	 10	 40.97680097680097
12.67	 10	 40.95238095238095
12.68	 10	 41.172161172161175
12.69	 10	 40.927960927960925
12.7	 10	 40.95238095238095
12.71	 10	 40.927960927960925
12.72	 10	 40.927960927960925
12.73	 10	 40.927960927960925
12.74	 10	 41.001221001221005
12.75	 10	 40.97680097680097
12.76	 10	 40.927960927960925
12.77	 10	 40.9035409035409
12.78	 10	 40.9035409035409
12.79	 10	 40.879120879120876
12.8	 10	 40.927960927960925
12.81	 10	 40.927960927960925
12.82	 10	 40.9035409035409
12.83	 10	 40.85470085470085
12.84	 10	 40.8058608058608
12.85	 10	 40.85470085470085
12.86	 10	 41.001221001221005
12.87	 10	 40.586080586080584
12.88	 10	 40.8058608058608
12.89	 10	 40.9035409035409
12.9	 10	 40.78144078144078
12.91	 10	 41.02564102564103
12.92	 10	 40.95238095238095
12.93	 10	 41.02564102564103
12.94	 10	 40.85470085470085
12.95	 10	 40.78144078144078
12.96	 10	 41.02564102564103
12.97	 10	 40.9035409035409
12.98	 10	 41.001221001221005
12.99	 10	 40.97680097680097
13	 10	 41.02564102564103
13.01	 10	 41.001221001221005
13.02	 10	 41.001221001221005
13.03	 10	 41.001221001221005
13.04	 10	 40.9035409035409
13.05	 10	 40.97680097680097
13.06	 10	 40.95238095238095
13.07	 10	 40.97680097680097
13.08	 10	 41.05006105006105
13.09	 10	 41.001221001221005
13.1	 10	 41.001221001221005
13.11	 10	 40.927960927960925
13.12	 10	 41.001221001221005
13.13	 10	 40.95238095238095
13.14	 10	 41.02564102564103
13.15	 10	 40.95238095238095
13.16	 10	 40.97680097680097
13.17	 10	 41.001221001221005
13.18	 10	 41.001221001221005
13.19	 10	 40.95238095238095
13.2	 10	 40.97680097680097
13.21	 10	 41.001221001221005
13.22	 10	 41.05006105006105
13.23	 10	 41.001221001221005
13.24	 10	 41.001221001221005
13.25	 10	 41.02564102564103
13.26	 10	 41.02564102564103
13.27	 10	 40.97680097680097
13.28	 10	 41.0989010989011
13.29	 10	 41.0989010989011
13.3	 10	 41.07448107448108
13.31	 10	 41.0989010989011
13.32	 10	 40.95238095238095
13.33	 10	 41.0989010989011
13.34	 10	 41.0989010989011
13.35	 10	 41.0989010989011
13.36	 10	 41.0989010989011
13.37	 10	 41.001221001221005
13.38	 10	 41.05006105006105
13.39	 10	 41.001221001221005
13.4	 10	 41.0989010989011
13.41	 10	 41.001221001221005
13.42	 10	 41.05006105006105
13.43	 10	 41.14774114774115
13.44	 10	 41.123321123321126
13.45	 10	 41.001221001221005
13.46	 10	 41.02564102564103
13.47	 10	 41.48962148962149
13.48	 10	 41.0989010989011
13.49	 10	 41.0989010989011
13.5	 10	 41.0989010989011
13.51	 10	 41.221001221001224
13.52	 10	 41.001221001221005
13.53	 10	 41.123321123321126
13.54	 10	 41.001221001221005
13.55	 10	 41.221001221001224
13.56	 10	 41.0989010989011
13.57	 10	 41.001221001221005
13.58	 10	 41.14774114774115
13.59	 10	 41.0989010989011
13.6	 10	 41.05006105006105
13.61	 10	 41.172161172161175
13.62	 10	 41.05006105006105
13.63	 10	 41.07448107448108
13.64	 10	 41.14774114774115
13.65	 10	 41.123321123321126
13.66	 10	 41.123321123321126
13.67	 10	 40.95238095238095
13.68	 10	 41.07448107448108
13.69	 10	 41.0989010989011
13.7	 10	 41.0989010989011
13.71	 10	 40.65934065934066
13.72	 10	 41.172161172161175
13.73	 10	 41.001221001221005
13.74	 10	 41.123321123321126
13.75	 10	 41.123321123321126
13.76	 10	 41.36752136752137
13.77	 10	 41.14774114774115
13.78	 10	 41.172161172161175
13.79	 10	 41.0989010989011
13.8	 10	 41.221001221001224
13.81	 10	 41.221001221001224
13.82	 10	 41.07448107448108
13.83	 10	 41.0989010989011
13.84	 10	 41.221001221001224
13.85	 10	 41.123321123321126
13.86	 10	 41.1965811965812
13.87	 10	 41.1965811965812
13.88	 10	 41.123321123321126
13.89	 10	 40.95238095238095
13.9	 10	 41.1965811965812
13.91	 10	 41.123321123321126
13.92	 10	 41.0989010989011
13.93	 10	 41.07448107448108
13.94	 10	 41.05006105006105
13.95	 10	 41.221001221001224
13.96	 10	 41.172161172161175
13.97	 10	 41.2942612942613
13.98	 10	 41.14774114774115
13.99	 10	 41.172161172161175
14	 10	 41.172161172161175
14.01	 10	 41.172161172161175
14.02	 10	 41.24542124542125
14.03	 10	 41.14774114774115
14.04	 10	 41.001221001221005
14.05	 10	 41.14774114774115
14.06	 10	 41.1965811965812
14.07	 10	 41.172161172161175
14.08	 10	 41.05006105006105
14.09	 10	 41.0989010989011
14.1	 10	 41.123321123321126
14.11	 10	 41.0989010989011
14.12	 10	 41.07448107448108
14.13	 10	 41.0989010989011
14.14	 10	 41.0989010989011
14.15	 10	 41.14774114774115
14.16	 10	 41.0989010989011
14.17	 10	 41.05006105006105
14.18	 10	 40.927960927960925
14.19	 10	 41.123321123321126
14.2	 10	 41.001221001221005
14.21	 10	 41.05006105006105
14.22	 10	 41.0989010989011
14.23	 10	 41.02564102564103
14.24	 10	 41.02564102564103
14.25	 10	 41.05006105006105
14.26	 10	 41.0989010989011
14.27	 10	 41.0989010989011
14.28	 10	 41.123321123321126
14.29	 10	 41.05006105006105
14.3	 10	 41.02564102564103
14.31	 10	 41.14774114774115
14.32	 10	 41.07448107448108
14.33	 10	 41.0989010989011
14.34	 10	 41.14774114774115
14.35	 10	 41.001221001221005
14.36	 10	 41.123321123321126
14.37	 10	 41.14774114774115
14.38	 10	 41.0989010989011
14.39	 10	 41.172161172161175
14.4	 10	 41.001221001221005
14.41	 10	 41.172161172161175
14.42	 10	 41.1965811965812
14.43	 10	 41.123321123321126
14.44	 10	 41.172161172161175
14.45	 10	 41.14774114774115
14.46	 10	 41.172161172161175
14.47	 10	 41.172161172161175
14.48	 10	 40.51282051282051
14.49	 10	 41.221001221001224
14.5	 10	 41.221001221001224
14.51	 10	 41.172161172161175
14.52	 10	 41.0989010989011
14.53	 10	 41.1965811965812
14.54	 10	 41.14774114774115
14.55	 10	 41.14774114774115
14.56	 10	 41.44078144078144
14.57	 10	 41.26984126984127
14.58	 10	 41.172161172161175
14.59	 10	 41.172161172161175
14.6	 10	 41.0989010989011
14.61	 10	 41.2942612942613
14.62	 10	 41.514041514041516
14.63	 10	 41.24542124542125
14.64	 10	 40.8058608058608
14.65	 10	 41.36752136752137
14.66	 10	 41.31868131868132
14.67	 10	 41.31868131868132
14.68	 10	 41.36752136752137
14.69	 10	 41.2942612942613
14.7	 10	 41.343101343101345
14.71	 10	 42.002442002442
14.72	 10	 41.31868131868132
14.73	 10	 41.31868131868132
14.74	 10	 41.343101343101345
14.75	 10	 41.41636141636142
14.76	 10	 41.46520146520147
14.77	 10	 41.2942612942613
14.78	 10	 41.26984126984127
14.79	 10	 41.44078144078144
14.8	 10	 41.26984126984127
14.81	 10	 41.36752136752137
14.82	 10	 41.31868131868132
14.83	 10	 41.36752136752137
14.84	 10	 41.24542124542125
14.85	 10	 41.41636141636142
14.86	 10	 41.46520146520147
14.87	 10	 41.343101343101345
14.88	 10	 41.343101343101345
14.89	 10	 41.36752136752137
14.9	 10	 41.855921855921856
14.91	 10	 41.44078144078144
14.92	 10	 41.36752136752137
14.93	 10	 41.31868131868132
14.94	 10	 41.343101343101345
14.95	 10	 41.41636141636142
14.96	 10	 41.41636141636142
14.97	 10	 41.36752136752137
14.98	 10	 41.41636141636142
14.99	 10	 41.391941391941394
15	 10	 41.391941391941394
15.01	 10	 41.48962148962149
15.02	 10	 41.48962148962149
15.03	 10	 41.48962148962149
15.04	 10	 41.514041514041516
15.05	 10	 41.562881562881564
15.06	 10	 41.684981684981686
15.07	 10	 41.562881562881564
15.08	 10	 41.66056166056166
15.09	 10	 41.58730158730159
15.1	 10	 41.58730158730159
15.11	 10	 41.562881562881564
15.12	 10	 41.562881562881564
15.13	 10	 41.514041514041516
15.14	 10	 41.53846153846154
15.15	 10	 41.53846153846154
15.16	 10	 41.123321123321126
15.17	 10	 41.53846153846154
15.18	 10	 41.562881562881564
15.19	 10	 41.48962148962149
15.2	 10	 41.61172161172161
15.21	 10	 41.63614163614164
15.22	 10	 41.514041514041516
15.23	 10	 41.58730158730159
15.24	 10	 41.80708180708181
15.25	 10	 41.58730158730159
15.26	 10	 41.58730158730159
15.27	 10	 41.53846153846154
15.28	 10	 41.562881562881564
15.29	 10	 41.58730158730159
15.3	 10	 41.514041514041516
15.31	 10	 41.58730158730159
15.32	 10	 41.562881562881564
15.33	 10	 41.48962148962149
15.34	 10	 41.53846153846154
15.35	 10	 41.58730158730159
15.36	 10	 41.53846153846154
15.37	 10	 41.562881562881564
15.38	 10	 41.58730158730159
15.39	 10	 41.58730158730159
15.4	 10	 41.53846153846154
15.41	 10	 41.562881562881564
15.42	 10	 41.562881562881564
15.43	 10	 41.48962148962149
15.44	 10	 41.172161172161175
15.45	 10	 41.58730158730159
15.46	 10	 41.58730158730159
15.47	 10	 41.562881562881564
15.48	 10	 41.562881562881564
15.49	 10	 41.58730158730159
15.5	 10	 41.562881562881564
15.51	 10	 41.53846153846154
15.52	 10	 41.58730158730159
15.53	 10	 41.514041514041516
15.54	 10	 41.83150183150183
15.55	 10	 41.80708180708181
15.56	 10	 41.514041514041516
15.57	 10	 41.514041514041516
15.58	 10	 41.514041514041516
15.59	 10	 41.562881562881564
15.6	 10	 41.63614163614164
15.61	 10	 41.562881562881564
15.62	 10	 41.58730158730159
15.63	 10	 41.48962148962149
15.64	 10	 41.48962148962149
15.65	 10	 41.562881562881564
15.66	 10	 41.48962148962149
15.67	 10	 41.46520146520147
15.68	 10	 41.48962148962149
15.69	 10	 41.514041514041516
15.7	 10	 41.48962148962149
15.71	 10	 41.53846153846154
15.72	 10	 41.562881562881564
15.73	 10	 40.708180708180706
15.74	 10	 41.70940170940171
15.75	 10	 41.58730158730159
15.76	 10	 41.61172161172161
15.77	 10	 41.48962148962149
15.78	 10	 41.44078144078144
15.79	 10	 41.48962148962149
15.8	 10	 41.46520146520147
15.81	 10	 41.562881562881564
15.82	 10	 41.58730158730159
15.83	 10	 41.53846153846154
15.84	 10	 41.75824175824176
15.85	 10	 41.66056166056166
15.86	 10	 41.562881562881564
15.87	 10	 41.53846153846154
15.88	 10	 41.58730158730159
15.89	 10	 41.80708180708181
15.9	 10	 41.562881562881564
15.91	 10	 41.562881562881564
15.92	 10	 41.53846153846154
15.93	 10	 41.48962148962149
15.94	 10	 41.61172161172161
15.95	 10	 41.58730158730159
15.96	 10	 41.48962148962149
15.97	 10	 41.53846153846154
15.98	 10	 41.53846153846154
15.99	 10	 41.46520146520147
16	 10	 41.48962148962149
16.01	 10	 41.53846153846154
16.02	 10	 41.48962148962149
16.03	 10	 41.684981684981686
16.04	 10	 41.66056166056166
16.05	 10	 41.58730158730159
16.06	 10	 41.61172161172161
16.07	 10	 41.80708180708181
16.08	 10	 41.514041514041516
16.09	 10	 41.48962148962149
16.1	 10	 41.53846153846154
16.11	 10	 41.221001221001224
16.12	 10	 41.53846153846154
16.13	 10	 40.56166056166056
16.14	 10	 41.44078144078144
16.15	 10	 41.562881562881564
16.16	 10	 41.58730158730159
16.17	 10	 41.58730158730159
16.18	 10	 41.514041514041516
16.19	 10	 41.58730158730159
16.2	 10	 41.46520146520147
16.21	 10	 41.48962148962149
16.22	 10	 42.78388278388278
16.23	 10	 41.44078144078144
16.24	 10	 41.46520146520147
16.25	 10	 41.391941391941394
16.26	 10	 41.514041514041516
16.27	 10	 41.48962148962149
16.28	 10	 41.48962148962149
16.29	 10	 41.48962148962149
16.3	 10	 41.514041514041516
16.31	 10	 41.48962148962149
16.32	 10	 41.514041514041516
16.33	 10	 41.58730158730159
16.34	 10	 41.61172161172161
16.35	 10	 41.562881562881564
16.36	 10	 41.58730158730159
16.37	 10	 41.80708180708181
16.38	 10	 41.684981684981686
16.39	 10	 41.684981684981686
16.4	 10	 41.684981684981686
16.41	 10	 41.61172161172161
16.42	 10	 41.58730158730159
16.43	 10	 41.733821733821735
16.44	 10	 41.684981684981686
16.45	 10	 41.684981684981686
16.46	 10	 41.46520146520147
16.47	 10	 41.684981684981686
16.48	 10	 41.953601953601954
16.49	 10	 41.70940170940171
16.5	 10	 41.70940170940171
16.51	 10	 41.83150183150183
16.52	 10	 41.733821733821735
16.53	 10	 41.58730158730159
16.54	 10	 41.46520146520147
16.55	 10	 41.80708180708181
16.56	 10	 41.70940170940171
16.57	 10	 41.58730158730159
16.58	 10	 41.61172161172161
16.59	 10	 41.66056166056166
16.6	 10	 41.63614163614164
16.61	 10	 41.562881562881564
16.62	 10	 41.66056166056166
16.63	 10	 41.58730158730159
16.64	 10	 41.58730158730159
16.65	 10	 41.61172161172161
16.66	 10	 41.75824175824176
16.67	 10	 41.63614163614164
16.68	 10	 41.63614163614164
16.69	 10	 41.63614163614164
16.7	 10	 41.684981684981686
16.71	 10	 41.684981684981686
16.72	 10	 41.684981684981686
16.73	 10	 41.58730158730159
16.74	 10	 41.70940170940171
16.75	 10	 41.58730158730159
16.76	 10	 41.684981684981686
16.77	 10	 41.70940170940171
16.78	 10	 41.58730158730159
16.79	 10	 41.46520146520147
16.8	 10	 41.63614163614164
16.81	 10	 41.733821733821735
16.82	 10	 41.684981684981686
16.83	 10	 41.58730158730159
16.84	 10	 41.75824175824176
16.85	 10	 41.70940170940171
16.86	 10	 41.733821733821735
16.87	 10	 41.80708180708181
16.88	 10	 42.637362637362635
16.89	 10	 41.80708180708181
16.9	 10	 41.78266178266178
16.91	 10	 41.58730158730159
16.92	 10	 41.80708180708181
16.93	 10	 41.75824175824176
16.94	 10	 41.855921855921856
16.95	 10	 41.80708180708181
16.96	 10	 41.733821733821735
16.97	 10	 41.88034188034188
16.98	 10	 41.75824175824176
16.99	 10	 41.66056166056166
17	 10	 42.66178266178266
17.01	 10	 41.733821733821735
17.02	 10	 41.78266178266178
17.03	 10	 41.80708180708181
17.04	 10	 41.80708180708181
17.05	 10	 41.88034188034188
17.06	 10	 41.70940170940171
17.07	 10	 41.83150183150183
17.08	 10	 41.75824175824176
17.09	 10	 41.80708180708181
17.1	 10	 41.78266178266178
17.11	 10	 41.75824175824176
17.12	 10	 41.80708180708181
17.13	 10	 41.80708180708181
17.14	 10	 41.733821733821735
17.15	 10	 41.80708180708181
17.16	 10	 41.41636141636142
17.17	 10	 41.58730158730159
17.18	 10	 42.78388278388278
17.19	 10	 41.58730158730159
17.2	 10	 41.58730158730159
17.21	 10	 41.53846153846154
17.22	 10	 41.53846153846154
17.23	 10	 41.46520146520147
17.24	 10	 41.343101343101345
17.25	 10	 41.41636141636142
17.26	 10	 41.391941391941394
17.27	 10	 41.343101343101345
17.28	 10	 41.41636141636142
17.29	 10	 41.26984126984127
17.3	 10	 41.343101343101345
17.31	 10	 41.172161172161175
17.32	 10	 41.2942612942613
17.33	 10	 41.24542124542125
17.34	 10	 41.391941391941394
17.35	 10	 41.48962148962149
17.36	 10	 41.46520146520147
17.37	 10	 41.391941391941394
17.38	 10	 41.41636141636142
17.39	 10	 41.41636141636142
17.4	 10	 41.343101343101345
17.41	 10	 41.44078144078144
17.42	 10	 41.31868131868132
17.43	 10	 41.46520146520147
17.44	 10	 41.46520146520147
17.45	 10	 41.41636141636142
17.46	 10	 41.514041514041516
17.47	 10	 41.514041514041516
17.48	 10	 41.514041514041516
17.49	 10	 41.53846153846154
17.5	 10	 41.46520146520147
17.51	 10	 41.24542124542125
17.52	 10	 41.41636141636142
17.53	 10	 41.46520146520147
17.54	 10	 41.41636141636142
17.55	 10	 41.41636141636142
17.56	 10	 41.343101343101345
17.57	 10	 41.953601953601954
17.58	 10	 41.391941391941394
17.59	 10	 41.44078144078144
17.6	 10	 41.31868131868132
17.61	 10	 41.343101343101345
17.62	 10	 41.41636141636142
17.63	 10	 41.36752136752137
17.64	 10	 41.2942612942613
17.65	 10	 41.24542124542125
17.66	 10	 41.2942612942613
17.67	 10	 41.75824175824176
17.68	 10	 41.2942612942613
17.69	 10	 41.31868131868132
17.7	 10	 41.2942612942613
17.71	 10	 41.2942612942613
17.72	 10	 41.24542124542125
17.73	 10	 41.31868131868132
17.74	 10	 41.24542124542125
17.75	 10	 41.2942612942613
17.76	 10	 41.2942612942613
17.77	 10	 41.14774114774115
17.78	 10	 41.2942612942613
17.79	 10	 41.14774114774115
17.8	 10	 41.24542124542125
17.81	 10	 41.2942612942613
17.82	 10	 41.343101343101345
17.83	 10	 41.221001221001224
17.84	 10	 41.2942612942613
17.85	 10	 41.31868131868132
17.86	 10	 41.26984126984127
17.87	 10	 41.24542124542125
17.88	 10	 41.0989010989011
17.89	 10	 41.24542124542125
17.9	 10	 41.70940170940171
17.91	 10	 41.31868131868132
17.92	 10	 41.1965811965812
17.93	 10	 41.26984126984127
17.94	 10	 41.2942612942613
17.95	 10	 41.36752136752137
17.96	 10	 41.24542124542125
17.97	 10	 41.172161172161175
17.98	 10	 41.24542124542125
17.99	 10	 41.53846153846154
18	 10	 41.31868131868132
18.01	 10	 41.2942612942613
18.02	 10	 41.31868131868132
18.03	 10	 41.31868131868132
18.04	 10	 41.41636141636142
18.05	 10	 41.343101343101345
18.06	 10	 41.391941391941394
18.07	 10	 41.31868131868132
18.08	 10	 41.343101343101345
18.09	 10	 41.391941391941394
18.1	 10	 41.24542124542125
18.11	 10	 41.2942612942613
18.12	 10	 41.31868131868132
18.13	 10	 41.31868131868132
18.14	 10	 41.24542124542125
18.15	 10	 41.343101343101345
18.16	 10	 41.391941391941394
18.17	 10	 41.31868131868132
18.18	 10	 41.343101343101345
18.19	 10	 41.343101343101345
18.2	 10	 41.31868131868132
18.21	 10	 41.221001221001224
18.22	 10	 40.9035409035409
18.23	 10	 41.343101343101345
18.24	 10	 41.31868131868132
18.25	 10	 41.2942612942613
18.26	 10	 41.2942612942613
18.27	 10	 41.343101343101345
18.28	 10	 41.41636141636142
18.29	 10	 41.221001221001224
18.3	 10	 41.36752136752137
18.31	 10	 41.2942612942613
18.32	 10	 41.221001221001224
18.33	 10	 41.36752136752137
18.34	 10	 41.31868131868132
18.35	 10	 41.391941391941394
18.36	 10	 41.36752136752137
18.37	 10	 41.41636141636142
18.38	 10	 41.36752136752137
18.39	 10	 41.343101343101345
18.4	 10	 41.41636141636142
18.41	 10	 41.172161172161175
18.42	 10	 41.391941391941394
18.43	 10	 41.41636141636142
18.44	 10	 41.2942612942613
18.45	 10	 41.41636141636142
18.46	 10	 41.391941391941394
18.47	 10	 41.41636141636142
18.48	 10	 41.46520146520147
18.49	 10	 41.2942612942613
18.5	 10	 41.36752136752137
18.51	 10	 41.44078144078144
18.52	 10	 41.343101343101345
18.53	 10	 41.41636141636142
18.54	 10	 41.44078144078144
18.55	 10	 41.2942612942613
18.56	 10	 41.391941391941394
18.57	 10	 41.514041514041516
18.58	 10	 41.41636141636142
18.59	 10	 41.80708180708181
18.6	 10	 41.44078144078144
18.61	 10	 41.66056166056166
18.62	 10	 41.41636141636142
18.63	 10	 41.48962148962149
18.64	 10	 41.172161172161175
18.65	 10	 41.46520146520147
18.66	 10	 41.46520146520147
18.67	 10	 42.36874236874237
18.68	 10	 41.514041514041516
18.69	 10	 41.514041514041516
18.7	 10	 41.53846153846154
18.71	 10	 41.48962148962149
18.72	 10	 41.48962148962149
18.73	 10	 41.514041514041516
18.74	 10	 41.44078144078144
18.75	 10	 41.0989010989011
18.76	 10	 41.48962148962149
18.77	 10	 41.31868131868132
18.78	 10	 41.58730158730159
18.79	 10	 41.48962148962149
18.8	 10	 41.48962148962149
18.81	 10	 41.514041514041516
18.82	 10	 41.36752136752137
18.83	 10	 39.853479853479854
18.84	 10	 41.58730158730159
18.85	 10	 41.53846153846154
18.86	 10	 41.88034188034188
18.87	 10	 41.58730158730159
18.88	 10	 41.58730158730159
18.89	 10	 41.61172161172161
18.9	 10	 41.70940170940171
18.91	 10	 39.21855921855922
18.92	 10	 41.53846153846154
18.93	 10	 41.61172161172161
18.94	 10	 41.61172161172161
18.95	 10	 41.684981684981686
18.96	 10	 41.70940170940171
18.97	 10	 41.58730158730159
18.98	 10	 41.61172161172161
18.99	 10	 41.70940170940171
19	 10	 41.63614163614164
19.01	 10	 41.63614163614164
19.02	 10	 41.70940170940171
19.03	 10	 41.58730158730159
19.04	 10	 41.58730158730159
19.05	 10	 41.63614163614164
19.06	 10	 42.05128205128205
19.07	 10	 41.63614163614164
19.08	 10	 41.63614163614164
19.09	 10	 41.58730158730159
19.1	 10	 41.684981684981686
19.11	 10	 41.733821733821735
19.12	 10	 41.733821733821735
19.13	 10	 41.80708180708181
19.14	 10	 41.53846153846154
19.15	 10	 41.61172161172161
19.16	 10	 41.70940170940171
19.17	 10	 41.75824175824176
19.18	 10	 41.83150183150183
19.19	 10	 41.684981684981686
19.2	 10	 41.61172161172161
19.21	 10	 41.684981684981686
19.22	 10	 41.70940170940171
19.23	 10	 41.70940170940171
19.24	 10	 41.70940170940171
19.25	 10	 41.684981684981686
19.26	 10	 41.70940170940171
19.27	 10	 41.63614163614164
19.28	 10	 41.733821733821735
19.29	 10	 41.70940170940171
19.3	 10	 41.63614163614164
19.31	 10	 41.70940170940171
19.32	 10	 41.66056166056166
19.33	 10	 41.58730158730159
19.34	 10	 41.70940170940171
19.35	 10	 41.58730158730159
19.36	 10	 41.58730158730159
19.37	 10	 41.63614163614164
19.38	 10	 41.63614163614164
19.39	 10	 41.46520146520147
19.4	 10	 41.75824175824176
19.41	 10	 41.66056166056166
19.42	 10	 41.97802197802198
19.43	 10	 41.53846153846154
19.44	 10	 42.417582417582416
19.45	 10	 41.684981684981686
19.46	 10	 41.562881562881564
19.47	 10	 41.58730158730159
19.48	 10	 41.61172161172161
19.49	 10	 41.58730158730159
19.5	 10	 41.684981684981686
19.51	 10	 41.66056166056166
19.52	 10	 41.58730158730159
19.53	 10	 41.562881562881564
19.54	 10	 41.78266178266178
19.55	 10	 41.66056166056166
19.56	 10	 41.70940170940171
19.57	 10	 41.514041514041516
19.58	 10	 37.704517704517706
19.59	 10	 41.684981684981686
19.6	 10	 41.75824175824176
19.61	 10	 41.66056166056166
19.62	 10	 41.684981684981686
19.63	 10	 41.684981684981686
19.64	 10	 41.855921855921856
19.65	 10	 41.80708180708181
19.66	 10	 41.75824175824176
19.67	 10	 41.58730158730159
19.68	 10	 41.75824175824176
19.69	 10	 41.70940170940171
19.7	 10	 41.733821733821735
19.71	 10	 41.70940170940171
19.72	 10	 41.63614163614164
19.73	 10	 41.63614163614164
19.74	 10	 41.83150183150183
19.75	 10	 41.855921855921856
19.76	 10	 41.58730158730159
19.77	 10	 41.58730158730159
19.78	 10	 41.684981684981686
19.79	 10	 41.80708180708181
19.8	 10	 41.75824175824176
19.81	 10	 41.63614163614164
19.82	 10	 41.63614163614164
19.83	 10	 41.63614163614164
19.84	 10	 41.70940170940171
19.85	 10	 41.66056166056166
19.86	 10	 42.39316239316239
19.87	 10	 41.562881562881564
19.88	 10	 41.48962148962149
19.89	 10	 41.48962148962149
19.9	 10	 41.41636141636142
19.91	 10	 41.58730158730159
19.92	 10	 41.562881562881564
19.93	 10	 41.53846153846154
19.94	 10	 41.48962148962149
19.95	 10	 41.44078144078144
19.96	 10	 41.46520146520147
19.97	 10	 41.48962148962149
19.98	 10	 41.48962148962149
19.99	 10	 41.46520146520147
20	 10	 41.46520146520147
20.01	 10	 41.44078144078144
20.02	 10	 41.48962148962149
20.03	 10	 41.41636141636142
20.04	 10	 41.41636141636142
20.05	 10	 41.48962148962149
20.06	 10	 41.41636141636142
20.07	 10	 41.44078144078144
20.08	 10	 41.44078144078144
20.09	 10	 41.44078144078144
20.1	 10	 41.41636141636142
20.11	 10	 41.391941391941394
20.12	 10	 41.391941391941394
20.13	 10	 41.44078144078144
20.14	 10	 41.44078144078144
20.15	 10	 41.343101343101345
20.16	 10	 41.41636141636142
20.17	 10	 41.46520146520147
20.18	 10	 41.44078144078144
20.19	 10	 41.26984126984127
20.2	 10	 41.46520146520147
20.21	 10	 41.58730158730159
20.22	 10	 41.44078144078144
20.23	 10	 41.2942612942613
20.24	 10	 41.2942612942613
20.25	 10	 41.44078144078144
20.26	 10	 41.36752136752137
20.27	 10	 41.41636141636142
20.28	 10	 41.31868131868132
20.29	 10	 41.391941391941394
20.3	 10	 41.41636141636142
20.31	 10	 41.391941391941394
20.32	 10	 41.36752136752137
20.33	 10	 41.31868131868132
20.34	 10	 41.2942612942613
20.35	 10	 41.343101343101345
20.36	 10	 41.343101343101345
20.37	 10	 41.343101343101345
20.38	 10	 39.242979242979246
20.39	 20	 41.343101343101345
20.4	 20	 41.24542124542125
20.41	 20	 41.221001221001224
20.42	 20	 41.2942612942613
20.43	 20	 41.24542124542125
20.44	 20	 41.1965811965812
20.45	 20	 41.07448107448108
20.46	 20	 41.31868131868132
20.47	 20	 41.75824175824176
20.48	 20	 41.31868131868132
20.49	 20	 41.36752136752137
20.5	 20	 41.2942612942613
20.51	 20	 41.2942612942613
20.52	 20	 41.221001221001224
20.53	 20	 41.26984126984127
20.54	 20	 41.26984126984127
20.55	 20	 41.0989010989011
20.56	 20	 41.24542124542125
20.57	 20	 41.31868131868132
20.58	 20	 41.221001221001224
20.59	 20	 41.221001221001224
20.6	 20	 41.24542124542125
20.61	 20	 41.221001221001224
20.62	 20	 41.24542124542125
20.63	 20	 41.221001221001224
20.64	 20	 41.31868131868132
20.65	 20	 41.221001221001224
20.66	 20	 40.317460317460316
20.67	 20	 41.2942612942613
20.68	 20	 41.172161172161175
20.69	 20	 40.68376068376068
20.7	 20	 41.24542124542125
20.71	 20	 41.221001221001224
20.72	 20	 41.14774114774115
20.73	 20	 41.172161172161175
20.74	 20	 41.221001221001224
20.75	 20	 41.172161172161175
20.76	 20	 41.24542124542125
20.77	 20	 41.14774114774115
20.78	 20	 41.172161172161175
20.79	 20	 41.221001221001224
20.8	 20	 41.24542124542125
20.81	 20	 41.172161172161175
20.82	 20	 41.31868131868132
20.83	 20	 41.123321123321126
20.84	 20	 41.26984126984127
20.85	 20	 41.24542124542125
20.86	 20	 41.31868131868132
20.87	 20	 41.2942612942613
20.88	 20	 41.31868131868132
20.89	 20	 41.31868131868132
20.9	 20	 41.24542124542125
20.91	 20	 41.36752136752137
20.92	 20	 41.391941391941394
20.93	 20	 41.2942612942613
20.94	 20	 41.221001221001224
20.95	 20	 41.24542124542125
20.96	 20	 41.343101343101345
20.97	 20	 41.41636141636142
20.98	 20	 41.2942612942613
20.99	 20	 41.2942612942613
21	 20	 41.41636141636142
21.01	 20	 41.24542124542125
21.02	 20	 41.26984126984127
21.03	 20	 41.343101343101345
21.04	 20	 41.31868131868132
21.05	 20	 41.26984126984127
21.06	 20	 41.26984126984127
21.07	 20	 41.343101343101345
21.08	 20	 41.31868131868132
21.09	 20	 41.31868131868132
21.1	 20	 41.2942612942613
21.11	 20	 41.514041514041516
21.12	 20	 41.46520146520147
21.13	 20	 41.70940170940171
21.14	 20	 42.246642246642246
21.15	 20	 42.93040293040293
21.16	 20	 43.73626373626374
21.17	 20	 44.737484737484735
21.18	 20	 46.08058608058608
21.19	 20	 47.83882783882784
21.2	 20	 48.79120879120879
21.21	 20	 50.18315018315018
21.22	 20	 51.86813186813187
21.23	 20	 52.918192918192915
21.24	 20	 54.456654456654455
21.25	 20	 55.87301587301587
21.26	 20	 57.142857142857146
21.27	 20	 58.38827838827839
21.28	 20	 59.26739926739927
21.29	 20	 60.34188034188034
21.3	 20	 61.44078144078144
21.31	 20	 62.1978021978022
21.32	 20	 63.12576312576313
21.33	 20	 63.71184371184371
21.34	 20	 64.22466422466422
21.35	 20	 64.85958485958486
21.36	 20	 65.25030525030525
21.37	 20	 65.73870573870573
21.38	 20	 65.98290598290598
21.39	 20	 66.42246642246643
21.4	 20	 66.7887667887668
21.41	 20	 66.93528693528694
21.42	 20	 67.27716727716728
21.43	 20	 67.37484737484738
21.44	 20	 67.66788766788767
21.45	 20	 67.78998778998779
21.46	 20	 67.81440781440782
21.47	 20	 67.93650793650794
21.48	 20	 68.05860805860806
21.49	 20	 68.18070818070818
21.5	 20	 68.25396825396825
21.51	 20	 68.47374847374847
21.52	 20	 68.35164835164835
21.53	 20	 68.42490842490842
21.54	 20	 68.4004884004884
21.55	 20	 68.44932844932845
21.56	 20	 68.54700854700855
21.57	 20	 68.57142857142857
21.58	 20	 68.71794871794872
21.59	 20	 68.76678876678876
21.6	 20	 68.76678876678876
21.61	 20	 68.98656898656898
21.62	 20	 69.32844932844932
21.63	 20	 69.4993894993895
21.64	 20	 69.79242979242979
21.65	 20	 69.98778998778998
21.66	 20	 70.01221001221002
21.67	 20	 70.40293040293041
21.68	 20	 70.45177045177046
21.69	 20	 70.7936507936508
21.7	 20	 70.7936507936508
21.71	 20	 71.28205128205128
21.72	 20	 71.4041514041514
21.73	 20	 71.57509157509158
21.74	 20	 71.72161172161172
21.75	 20	 71.91697191697192
21.76	 20	 72.08791208791209
21.77	 20	 72.06349206349206
21.78	 20	 72.23443223443223
21.79	 20	 72.25885225885226
21.8	 20	 72.35653235653236
21.81	 20	 72.45421245421245
21.82	 20	 72.47863247863248
21.83	 20	 72.5030525030525
21.84	 20	 72.52747252747253
21.85	 20	 72.67399267399267
21.86	 20	 72.6007326007326
21.87	 20	 72.82051282051282
21.88	 20	 72.74725274725274
21.89	 20	 72.74725274725274
21.9	 20	 72.84493284493284
21.91	 20	 73.01587301587301
21.92	 20	 72.84493284493284
21.93	 20	 72.94261294261294
21.94	 20	 72.82051282051282
21.95	 20	 72.84493284493284
21.96	 20	 72.94261294261294
21.97	 20	 72.86935286935287
21.98	 20	 72.89377289377289
21.99	 20	 72.91819291819291
22	 20	 72.84493284493284
22.01	 20	 72.89377289377289
22.02	 20	 73.04029304029304
22.03	 20	 72.86935286935287
22.04	 20	 73.01587301587301
22.05	 20	 72.94261294261294
22.06	 20	 73.06471306471306
22.07	 20	 72.91819291819291
22.08	 20	 72.94261294261294
22.09	 20	 73.06471306471306
22.1	 20	 72.84493284493284
22.11	 20	 72.99145299145299
22.12	 20	 72.96703296703296
22.13	 20	 72.84493284493284
22.14	 20	 72.82051282051282
22.15	 20	 72.82051282051282
22.16	 20	 72.67399267399267
22.17	 20	 72.57631257631257
22.18	 20	 72.35653235653236
22.19	 20	 72.25885225885226
22.2	 20	 71.96581196581197
22.21	 20	 72.08791208791209
22.22	 20	 71.96581196581197
22.23	 20	 71.84371184371184
22.24	 20	 71.81929181929182
22.25	 20	 71.91697191697192
22.26	 20	 71.47741147741148
22.27	 20	 71.5018315018315
22.28	 20	 71.13553113553114
22.29	 20	 71.28205128205128
22.3	 20	 71.13553113553114
22.31	 20	 71.11111111111111
22.32	 20	 71.20879120879121
22.33	 20	 71.03785103785104
22.34	 20	 70.98901098901099
22.35	 20	 71.11111111111111
22.36	 20	 70.94017094017094
22.37	 20	 71.28205128205128
22.38	 20	 70.91575091575092
22.39	 20	 70.81807081807082
22.4	 20	 70.7936507936508
22.41	 20	 70.74481074481075
22.42	 20	 70.76923076923077
22.43	 20	 70.86691086691087
22.44	 20	 70.6959706959707
22.45	 20	 70.64713064713065
22.46	 20	 70.64713064713065
22.47	 20	 70.62271062271063
22.48	 20	 70.57387057387058
22.49	 20	 70.54945054945055
22.5	 20	 70.35409035409036
22.51	 20	 70.23199023199024
22.52	 20	 69.93894993894993
22.53	 20	 70.13431013431014
22.54	 20	 70.03663003663004
22.55	 20	 70.03663003663004
22.56	 20	 69.57264957264957
22.57	 20	 69.64590964590964
22.58	 20	 69.57264957264957
22.59	 20	 69.57264957264957
22.6	 20	 69.47496947496947
22.61	 20	 69.54822954822954
22.62	 20	 69.35286935286935
22.63	 20	 69.25518925518925
22.64	 20	 69.23076923076923
22.65	 20	 69.15750915750915
22.66	 20	 69.08424908424908
22.67	 20	 69.15750915750915
22.68	 20	 69.13308913308913
22.69	 20	 69.05982905982906
22.7	 20	 68.84004884004884
22.71	 20	 69.01098901098901
22.72	 20	 68.74236874236874
22.73	 20	 69.1086691086691
22.74	 20	 69.03540903540903
22.75	 20	 68.98656898656898
22.76	 20	 68.74236874236874
22.77	 20	 68.93772893772893
22.78	 20	 68.98656898656898
22.79	 20	 68.93772893772893
22.8	 20	 68.91330891330891
22.81	 20	 68.88888888888889
22.82	 20	 69.1086691086691
22.83	 20	 68.84004884004884
22.84	 20	 68.96214896214896
22.85	 20	 68.98656898656898
22.86	 20	 68.93772893772893
22.87	 20	 69.01098901098901
22.88	 20	 68.91330891330891
22.89	 20	 69.01098901098901
22.9	 20	 68.93772893772893
22.91	 20	 68.98656898656898
22.92	 20	 69.05982905982906
22.93	 20	 68.86446886446886
22.94	 20	 68.98656898656898
22.95	 20	 68.88888888888889
22.96	 20	 69.93894993894993
22.97	 20	 68.76678876678876
22.98	 20	 68.88888888888889
22.99	 20	 68.74236874236874
23	 20	 68.66910866910867
23.01	 20	 68.66910866910867
23.02	 20	 68.66910866910867
23.03	 20	 68.57142857142857
23.04	 20	 68.5958485958486
23.05	 20	 68.4981684981685
23.06	 20	 68.37606837606837
23.07	 20	 68.66910866910867
23.08	 20	 68.42490842490842
23.09	 20	 68.27838827838828
23.1	 20	 68.35164835164835
23.11	 20	 68.27838827838828
23.12	 20	 68.18070818070818
23.13	 20	 68.2051282051282
23.14	 20	 68.27838827838828
23.15	 20	 68.37606837606837
23.16	 20	 68.2051282051282
23.17	 20	 67.98534798534799
23.18	 20	 68.18070818070818
23.19	 20	 68.13186813186813
23.2	 20	 68.2051282051282
23.21	 20	 68.27838827838828
23.22	 20	 68.08302808302808
23.23	 20	 68.2051282051282
23.24	 20	 68.2051282051282
23.25	 20	 68.35164835164835
23.26	 20	 68.15628815628816
23.27	 20	 67.78998778998779
23.28	 20	 68.27838827838828
23.29	 20	 68.27838827838828
23.3	 20	 68.3028083028083
23.31	 20	 68.2051282051282
23.32	 20	 68.2051282051282
23.33	 20	 68.25396825396825
23.34	 20	 68.15628815628816
23.35	 20	 68.27838827838828
23.36	 20	 68.18070818070818
23.37	 20	 68.2051282051282
23.38	 20	 68.25396825396825
23.39	 20	 68.2051282051282
23.4	 20	 68.22954822954823
23.41	 20	 68.08302808302808
23.42	 20	 68.1074481074481
23.43	 20	 68.13186813186813
23.44	 20	 67.98534798534799
23.45	 20	 68.08302808302808
23.46	 20	 68.13186813186813
23.47	 20	 67.91208791208791
23.48	 20	 68.03418803418803
23.49	 20	 68.05860805860806
23.5	 20	 68.00976800976801
23.51	 20	 67.98534798534799
23.52	 20	 68.05860805860806
23.53	 20	 67.98534798534799
23.54	 20	 68.05860805860806
23.55	 20	 68.05860805860806
23.56	 20	 67.98534798534799
23.57	 20	 68.08302808302808
23.58	 20	 67.96092796092796
23.59	 20	 67.98534798534799
23.6	 20	 67.98534798534799
23.61	 20	 67.57020757020757
23.62	 20	 67.98534798534799
23.63	 20	 67.98534798534799
23.64	 20	 67.96092796092796
23.65	 20	 68.00976800976801
23.66	 20	 67.71672771672772
23.67	 20	 68.44932844932845
23.68	 20	 67.88766788766789
23.69	 20	 67.98534798534799
23.7	 20	 67.98534798534799
23.71	 20	 67.98534798534799
23.72	 20	 67.98534798534799
23.73	 20	 67.96092796092796
23.74	 20	 68.03418803418803
23.75	 20	 67.98534798534799
23.76	 20	 67.78998778998779
23.77	 20	 67.98534798534799
23.78	 20	 68.03418803418803
23.79	 20	 67.93650793650794
23.8	 20	 67.78998778998779
23.81	 20	 67.91208791208791
23.82	 20	 67.98534798534799
23.83	 20	 67.88766788766789
23.84	 20	 67.91208791208791
23.85	 20	 68.03418803418803
23.86	 20	 67.91208791208791
23.87	 20	 67.98534798534799
23.88	 20	 67.98534798534799
23.89	 20	 67.93650793650794
23.9	 20	 67.78998778998779
23.91	 20	 67.91208791208791
23.92	 20	 67.98534798534799
23.93	 20	 67.93650793650794
23.94	 20	 67.91208791208791
23.95	 20	 67.88766788766789
23.96	 20	 67.98534798534799
23.97	 20	 68.05860805860806
23.98	 20	 67.88766788766789
23.99	 20	 68.15628815628816
24	 20	 68.1074481074481
24.01	 20	 67.98534798534799
24.02	 20	 68.1074481074481
24.03	 20	 67.98534798534799
24.04	 20	 67.98534798534799
24.05	 20	 68.05860805860806
24.06	 20	 67.98534798534799
24.07	 20	 67.86324786324786
24.08	 20	 67.98534798534799
24.09	 20	 68.05860805860806
24.1	 20	 67.98534798534799
24.11	 20	 67.98534798534799
24.12	 20	 67.86324786324786
24.13	 20	 67.91208791208791
24.14	 20	 67.81440781440782
24.15	 20	 67.93650793650794
24.16	 20	 67.86324786324786
24.17	 20	 67.81440781440782
24.18	 20	 67.78998778998779
24.19	 20	 67.96092796092796
24.2	 20	 67.81440781440782
24.21	 20	 67.81440781440782
24.22	 20	 67.88766788766789
24.23	 20	 67.98534798534799
24.24	 20	 67.88766788766789
24.25	 20	 67.91208791208791
24.26	 20	 68.03418803418803
24.27	 20	 67.91208791208791
24.28	 20	 67.10622710622711
24.29	 20	 67.83882783882784
24.3	 20	 67.76556776556777
24.31	 20	 67.81440781440782
24.32	 20	 67.81440781440782
24.33	 20	 67.78998778998779
24.34	 20	 67.83882783882784
24.35	 20	 67.91208791208791
24.36	 20	 67.88766788766789
24.37	 20	 67.76556776556777
24.38	 20	 67.6923076923077
24.39	 20	 67.81440781440782
24.4	 20	 67.98534798534799
24.41	 20	 67.78998778998779
24.42	 20	 67.81440781440782
24.43	 20	 67.81440781440782
24.44	 20	 67.86324786324786
24.45	 20	 67.71672771672772
24.46	 20	 67.66788766788767
24.47	 20	 67.66788766788767
24.48	 20	 67.71672771672772
24.49	 20	 67.74114774114774
24.5	 20	 67.61904761904762
24.51	 20	 67.78998778998779
24.52	 20	 68.35164835164835
24.53	 20	 67.81440781440782
24.54	 20	 67.83882783882784
24.55	 20	 67.81440781440782
24.56	 20	 67.57020757020757
24.57	 20	 67.78998778998779
24.58	 20	 67.66788766788767
24.59	 20	 67.83882783882784
24.6	 20	 67.71672771672772
24.61	 20	 67.66788766788767
24.62	 20	 67.76556776556777
24.63	 20	 67.81440781440782
24.64	 20	 67.83882783882784
24.65	 20	 67.71672771672772
24.66	 20	 67.74114774114774
24.67	 20	 67.78998778998779
24.68	 20	 67.4969474969475
24.69	 20	 67.81440781440782
24.7	 20	 67.83882783882784
24.71	 20	 67.83882783882784
24.72	 20	 67.78998778998779
24.73	 20	 67.78998778998779
24.74	 20	 67.81440781440782
24.75	 20	 67.78998778998779
24.76	 20	 68.08302808302808
24.77	 20	 67.78998778998779
24.78	 20	 67.78998778998779
24.79	 20	 67.76556776556777
24.8	 20	 67.78998778998779
24.81	 20	 67.66788766788767
24.82	 20	 67.78998778998779
24.83	 20	 67.6923076923077
24.84	 20	 67.74114774114774
24.85	 20	 67.81440781440782
24.86	 20	 67.98534798534799
24.87	 20	 67.88766788766789
24.88	 20	 67.81440781440782
24.89	 20	 67.88766788766789
24.9	 20	 67.86324786324786
24.91	 20	 67.61904761904762
24.92	 20	 67.76556776556777
24.93	 20	 67.81440781440782
24.94	 20	 67.78998778998779
24.95	 20	 67.81440781440782
24.96	 20	 67.78998778998779
24.97	 20	 67.57020757020757
24.98	 20	 67.71672771672772
24.99	 20	 67.83882783882784
25	 20	 67.78998778998779
25.01	 20	 67.66788766788767
25.02	 20	 67.78998778998779
25.03	 20	 67.64346764346764
25.04	 20	 67.93650793650794
25.05	 20	 68.00976800976801
25.06	 20	 67.88766788766789
25.07	 20	 67.86324786324786
25.08	 20	 67.88766788766789
25.09	 20	 67.98534798534799
25.1	 20	 67.78998778998779
25.11	 20	 67.6923076923077
25.12	 20	 67.78998778998779
25.13	 20	 68.00976800976801
25.14	 20	 68.13186813186813
25.15	 20	 67.81440781440782
25.16	 20	 68.15628815628816
25.17	 20	 67.66788766788767
25.18	 20	 67.83882783882784
25.19	 20	 67.81440781440782
25.2	 20	 67.6923076923077
25.21	 20	 67.6923076923077
25.22	 20	 67.71672771672772
25.23	 20	 67.54578754578755
25.24	 20	 67.76556776556777
25.25	 20	 67.66788766788767
25.26	 20	 67.81440781440782
25.27	 20	 67.81440781440782
25.28	 20	 67.81440781440782
25.29	 20	 67.74114774114774
25.3	 20	 67.83882783882784
25.31	 20	 67.71672771672772
25.32	 20	 68.05860805860806
25.33	 20	 67.78998778998779
25.34	 20	 67.78998778998779
25.35	 20	 67.64346764346764
25.36	 20	 67.76556776556777
25.37	 20	 67.83882783882784
25.38	 20	 67.81440781440782
25.39	 20	 67.74114774114774
25.4	 20	 67.66788766788767
25.41	 20	 67.61904761904762
25.42	 20	 67.78998778998779
25.43	 20	 67.76556776556777
25.44	 20	 67.78998778998779
25.45	 20	 67.6923076923077
25.46	 20	 67.86324786324786
25.47	 20	 67.81440781440782
25.48	 20	 67.78998778998779
25.49	 20	 67.74114774114774
25.5	 20	 67.5946275946276
25.51	 20	 67.76556776556777
25.52	 20	 67.6923076923077
25.53	 20	 67.74114774114774
25.54	 20	 67.78998778998779
25.55	 20	 67.78998778998779
25.56	 20	 67.78998778998779
25.57	 20	 67.83882783882784
25.58	 20	 67.83882783882784
25.59	 20	 67.81440781440782
25.6	 20	 67.74114774114774
25.61	 20	 67.88766788766789
25.62	 20	 67.83882783882784
25.63	 20	 68.64468864468864
25.64	 20	 67.83882783882784
25.65	 20	 67.83882783882784
25.66	 20	 67.57020757020757
25.67	 20	 67.86324786324786
25.68	 20	 67.78998778998779
25.69	 20	 67.83882783882784
25.7	 20	 67.76556776556777
25.71	 20	 67.78998778998779
25.72	 20	 68.08302808302808
25.73	 20	 67.57020757020757
25.74	 20	 67.83882783882784
25.75	 20	 68.08302808302808
25.76	 20	 67.81440781440782
25.77	 20	 67.78998778998779
25.78	 20	 67.78998778998779
25.79	 20	 67.78998778998779
25.8	 20	 67.88766788766789
25.81	 20	 67.78998778998779
25.82	 20	 67.83882783882784
25.83	 20	 67.78998778998779
25.84	 20	 67.86324786324786
25.85	 20	 67.88766788766789
25.86	 20	 67.78998778998779
25.87	 20	 67.78998778998779
25.88	 20	 67.88766788766789
25.89	 20	 67.81440781440782
25.9	 20	 67.83882783882784
25.91	 20	 69.69474969474969
25.92	 20	 67.86324786324786
25.93	 20	 67.78998778998779
25.94	 20	 67.88766788766789
25.95	 20	 67.96092796092796
25.96	 20	 67.88766788766789
25.97	 20	 67.86324786324786
25.98	 20	 67.88766788766789
25.99	 20	 67.96092796092796
26	 20	 67.98534798534799
26.01	 20	 67.61904761904762
26.02	 20	 67.78998778998779
26.03	 20	 67.88766788766789
26.04	 20	 67.88766788766789
26.05	 20	 67.78998778998779
26.06	 20	 67.78998778998779
26.07	 20	 67.78998778998779
26.08	 20	 67.88766788766789
26.09	 20	 67.91208791208791
26.1	 20	 67.88766788766789
26.11	 20	 67.88766788766789
26.12	 20	 67.98534798534799
26.13	 20	 67.88766788766789
26.14	 20	 67.86324786324786
26.15	 20	 67.86324786324786
26.16	 20	 67.83882783882784
26.17	 20	 67.88766788766789
26.18	 20	 67.83882783882784
26.19	 20	 67.86324786324786
26.2	 20	 67.78998778998779
26.21	 20	 67.78998778998779
26.22	 20	 67.52136752136752
26.23	 20	 67.57020757020757
26.24	 20	 67.83882783882784
26.25	 20	 67.66788766788767
26.26	 20	 67.83882783882784
26.27	 20	 67.78998778998779
26.28	 20	 67.93650793650794
26.29	 20	 67.6923076923077
26.3	 20	 67.78998778998779
26.31	 20	 67.74114774114774
26.32	 20	 67.66788766788767
26.33	 20	 67.78998778998779
26.34	 20	 67.78998778998779
26.35	 20	 67.74114774114774
26.36	 20	 67.78998778998779
26.37	 20	 67.78998778998779
26.38	 20	 67.81440781440782
26.39	 20	 67.86324786324786
26.4	 20	 67.78998778998779
26.41	 20	 67.76556776556777
26.42	 20	 67.64346764346764
26.43	 20	 67.88766788766789
26.44	 20	 67.54578754578755
26.45	 20	 67.78998778998779
26.46	 20	 67.61904761904762
26.47	 20	 67.81440781440782
26.48	 20	 67.81440781440782
26.49	 20	 67.78998778998779
26.5	 20	 67.6923076923077
26.51	 20	 67.74114774114774
26.52	 20	 67.78998778998779
26.53	 20	 67.78998778998779
26.54	 20	 67.83882783882784
26.55	 20	 68.08302808302808
26.56	 20	 67.76556776556777
26.57	 20	 67.78998778998779
26.58	 20	 67.6923076923077
26.59	 20	 67.78998778998779
26.6	 20	 67.76556776556777
26.61	 20	 67.66788766788767
26.62	 20	 67.5946275946276
26.63	 20	 67.78998778998779
26.64	 20	 67.57020757020757
26.65	 20	 67.64346764346764
26.66	 20	 67.64346764346764
26.67	 20	 67.74114774114774
26.68	 20	 67.66788766788767
26.69	 20	 67.66788766788767
26.7	 20	 67.64346764346764
26.71	 20	 67.71672771672772
26.72	 20	 67.6923076923077
26.73	 20	 67.6923076923077
26.74	 20	 67.78998778998779
26.75	 20	 67.74114774114774
26.76	 20	 67.88766788766789
26.77	 20	 67.76556776556777
26.78	 20	 67.78998778998779
26.79	 20	 67.37484737484738
26.8	 20	 67.66788766788767
26.81	 20	 67.78998778998779
26.82	 20	 67.66788766788767
26.83	 20	 67.47252747252747
26.84	 20	 67.66788766788767
26.85	 20	 67.71672771672772
26.86	 20	 67.83882783882784
26.87	 20	 67.61904761904762
26.88	 20	 67.78998778998779
26.89	 20	 67.81440781440782
26.9	 20	 67.61904761904762
26.91	 20	 67.71672771672772
26.92	 20	 67.5946275946276
26.93	 20	 67.5946275946276
26.94	 20	 67.57020757020757
26.95	 20	 67.57020757020757
26.96	 20	 67.64346764346764
26.97	 20	 67.61904761904762
26.98	 20	 67.42368742368743
26.99	 20	 67.5946275946276
27	 20	 67.57020757020757
27.01	 20	 67.71672771672772
27.02	 20	 67.61904761904762
27.03	 20	 67.52136752136752
27.04	 20	 67.57020757020757
27.05	 20	 67.6923076923077
27.06	 20	 67.6923076923077
27.07	 20	 67.66788766788767
27.08	 20	 67.57020757020757
27.09	 20	 67.5946275946276
27.1	 20	 67.57020757020757
27.11	 20	 67.57020757020757
27.12	 20	 67.91208791208791
27.13	 20	 67.57020757020757
27.14	 20	 67.57020757020757
27.15	 20	 67.5946275946276
27.16	 20	 67.5946275946276
27.17	 20	 67.61904761904762
27.18	 20	 67.57020757020757
27.19	 20	 67.54578754578755
27.2	 20	 67.54578754578755
27.21	 20	 67.54578754578755
27.22	 20	 67.57020757020757
27.23	 20	 67.4969474969475
27.24	 20	 67.47252747252747
27.25	 20	 67.10622710622711
27.26	 20	 67.27716727716728
27.27	 20	 67.57020757020757
27.28	 20	 67.4969474969475
27.29	 20	 67.3992673992674
27.3	 20	 67.4969474969475
27.31	 20	 67.57020757020757
27.32	 20	 67.47252747252747
27.33	 20	 67.4969474969475
27.34	 20	 67.42368742368743
27.35	 20	 67.03296703296704
27.36	 20	 67.54578754578755
27.37	 20	 67.5946275946276
27.38	 20	 67.52136752136752
27.39	 20	 67.4969474969475
27.4	 20	 67.5946275946276
27.41	 20	 67.54578754578755
27.42	 20	 67.57020757020757
27.43	 20	 67.5946275946276
27.44	 20	 67.4969474969475
27.45	 20	 67.4969474969475
27.46	 20	 67.4969474969475
27.47	 20	 67.5946275946276
27.48	 20	 67.47252747252747
27.49	 20	 67.4969474969475
27.5	 20	 67.4969474969475
27.51	 20	 67.44810744810745
27.52	 20	 67.57020757020757
27.53	 20	 67.57020757020757
27.54	 20	 67.5946275946276
27.55	 20	 68.05860805860806
27.56	 20	 67.57020757020757
27.57	 20	 67.54578754578755
27.58	 20	 67.52136752136752
27.59	 20	 67.4969474969475
27.6	 20	 67.81440781440782
27.61	 20	 67.4969474969475
27.62	 20	 67.57020757020757
27.63	 20	 67.54578754578755
27.64	 20	 65.71428571428571
27.65	 20	 67.4969474969475
27.66	 20	 67.4969474969475
27.67	 20	 67.57020757020757
27.68	 20	 67.52136752136752
27.69	 20	 67.5946275946276
27.7	 20	 67.54578754578755
27.71	 20	 67.54578754578755
27.72	 20	 67.57020757020757
27.73	 20	 67.61904761904762
27.74	 20	 67.54578754578755
27.75	 20	 67.57020757020757
27.76	 20	 67.52136752136752
27.77	 20	 67.52136752136752
27.78	 20	 67.54578754578755
27.79	 20	 67.47252747252747
27.8	 20	 67.57020757020757
27.81	 20	 67.47252747252747
27.82	 20	 67.25274725274726
27.83	 20	 67.37484737484738
27.84	 20	 67.4969474969475
27.85	 20	 67.4969474969475
27.86	 20	 67.42368742368743
27.87	 20	 67.32600732600733
27.88	 20	 67.47252747252747
27.89	 20	 66.44688644688645
27.9	 20	 67.66788766788767
27.91	 20	 67.54578754578755
27.92	 20	 67.4969474969475
27.93	 20	 67.47252747252747
27.94	 20	 67.47252747252747
27.95	 20	 67.42368742368743
27.96	 20	 67.42368742368743
27.97	 20	 67.64346764346764
27.98	 20	 67.54578754578755
27.99	 20	 67.47252747252747
28	 20	 67.4969474969475
28.01	 20	 67.4969474969475
28.02	 20	 67.44810744810745
28.03	 20	 67.57020757020757
28.04	 20	 67.52136752136752
28.05	 20	 68.03418803418803
28.06	 20	 67.5946275946276
28.07	 20	 67.52136752136752
28.08	 20	 67.52136752136752
28.09	 20	 67.47252747252747
28.1	 20	 67.4969474969475
28.11	 20	 67.4969474969475
28.12	 20	 67.47252747252747
28.13	 20	 67.47252747252747
28.14	 20	 67.76556776556777
28.15	 20	 67.54578754578755
28.16	 20	 67.54578754578755
28.17	 20	 67.4969474969475
28.18	 20	 67.4969474969475
28.19	 20	 67.4969474969475
28.2	 20	 67.4969474969475
28.21	 20	 67.4969474969475
28.22	 20	 67.44810744810745
28.23	 20	 67.4969474969475
28.24	 20	 67.42368742368743
28.25	 20	 67.64346764346764
28.26	 20	 67.52136752136752
28.27	 20	 67.57020757020757
28.28	 20	 67.78998778998779
28.29	 20	 67.52136752136752
28.3	 20	 67.44810744810745
28.31	 20	 67.47252747252747
28.32	 20	 67.44810744810745
28.33	 20	 67.54578754578755
28.34	 20	 67.47252747252747
28.35	 20	 67.54578754578755
28.36	 20	 67.54578754578755
28.37	 20	 67.4969474969475
28.38	 20	 67.4969474969475
28.39	 20	 67.37484737484738
28.4	 20	 67.54578754578755
28.41	 20	 67.54578754578755
28.42	 20	 67.47252747252747
28.43	 20	 67.4969474969475
28.44	 20	 67.4969474969475
28.45	 20	 67.47252747252747
28.46	 20	 67.42368742368743
28.47	 20	 67.5946275946276
28.48	 20	 67.35042735042735
28.49	 20	 67.54578754578755
28.5	 20	 67.42368742368743
28.51	 20	 67.37484737484738
28.52	 20	 67.4969474969475
28.53	 20	 67.54578754578755
28.54	 20	 67.54578754578755
28.55	 20	 67.47252747252747
28.56	 20	 67.54578754578755
28.57	 20	 67.54578754578755
28.58	 20	 67.3992673992674
28.59	 20	 67.37484737484738
28.6	 20	 67.57020757020757
28.61	 20	 67.5946275946276
28.62	 20	 67.47252747252747
28.63	 20	 67.44810744810745
28.64	 20	 67.37484737484738
28.65	 20	 67.47252747252747
28.66	 20	 67.37484737484738
28.67	 20	 67.4969474969475
28.68	 20	 67.47252747252747
28.69	 20	 67.44810744810745
28.7	 20	 67.52136752136752
28.71	 20	 67.52136752136752
28.72	 20	 67.4969474969475
28.73	 20	 67.54578754578755
28.74	 20	 67.52136752136752
28.75	 20	 67.4969474969475
28.76	 20	 67.52136752136752
28.77	 20	 67.47252747252747
28.78	 20	 67.4969474969475
28.79	 20	 67.4969474969475
28.8	 20	 67.54578754578755
28.81	 20	 67.5946275946276
28.82	 20	 67.4969474969475
28.83	 20	 67.57020757020757
28.84	 20	 67.4969474969475
28.85	 20	 67.47252747252747
28.86	 20	 67.44810744810745
28.87	 20	 67.52136752136752
28.88	 20	 67.57020757020757
28.89	 20	 67.44810744810745
28.9	 20	 67.42368742368743
28.91	 20	 67.32600732600733
28.92	 20	 67.47252747252747
28.93	 20	 67.57020757020757
28.94	 20	 67.42368742368743
28.95	 20	 67.47252747252747
28.96	 20	 67.42368742368743
28.97	 20	 67.42368742368743
28.98	 20	 67.5946275946276
28.99	 20	 67.42368742368743
29	 20	 67.3015873015873
29.01	 20	 67.54578754578755
29.02	 20	 67.54578754578755
29.03	 20	 68.79120879120879
29.04	 20	 67.5946275946276
29.05	 20	 67.57020757020757
29.06	 20	 67.5946275946276
29.07	 20	 67.64346764346764
29.08	 20	 67.64346764346764
29.09	 20	 67.61904761904762
29.1	 20	 67.54578754578755
29.11	 20	 68.03418803418803
29.12	 20	 67.47252747252747
29.13	 20	 67.4969474969475
29.14	 20	 67.54578754578755
29.15	 20	 67.4969474969475
29.16	 20	 67.44810744810745
29.17	 20	 67.52136752136752
29.18	 20	 67.47252747252747
29.19	 20	 67.47252747252747
29.2	 20	 67.52136752136752
29.21	 20	 67.54578754578755
29.22	 20	 67.4969474969475
29.23	 20	 67.54578754578755
29.24	 20	 67.57020757020757
29.25	 20	 67.5946275946276
29.26	 20	 67.4969474969475
29.27	 20	 67.47252747252747
29.28	 20	 67.5946275946276
29.29	 20	 67.5946275946276
29.3	 20	 67.64346764346764
29.31	 20	 67.4969474969475
29.32	 20	 67.5946275946276
29.33	 20	 67.57020757020757
29.34	 20	 67.47252747252747
29.35	 20	 67.5946275946276
29.36	 20	 67.52136752136752
29.37	 20	 67.4969474969475
29.38	 20	 67.57020757020757
29.39	 20	 68.13186813186813
29.4	 20	 67.57020757020757
29.41	 20	 67.52136752136752
29.42	 20	 67.57020757020757
29.43	 20	 67.47252747252747
29.44	 20	 67.5946275946276
29.45	 20	 67.64346764346764
29.46	 20	 67.64346764346764
29.47	 20	 67.47252747252747
29.48	 20	 67.52136752136752
29.49	 20	 67.5946275946276
29.5	 20	 67.5946275946276
29.51	 20	 67.47252747252747
29.52	 20	 67.52136752136752
29.53	 20	 67.57020757020757
29.54	 20	 67.57020757020757
29.55	 20	 67.64346764346764
29.56	 20	 67.57020757020757
29.57	 20	 67.57020757020757
29.58	 20	 67.57020757020757
29.59	 20	 67.54578754578755
29.6	 20	 67.54578754578755
29.61	 20	 67.37484737484738
29.62	 20	 67.52136752136752
29.63	 20	 67.54578754578755
29.64	 20	 64.37118437118437
29.65	 20	 67.66788766788767
29.66	 20	 67.54578754578755
29.67	 20	 67.4969474969475
29.68	 20	 67.54578754578755
29.69	 20	 67.57020757020757
29.7	 20	 67.57020757020757
29.71	 20	 67.57020757020757
29.72	 20	 67.57020757020757
29.73	 20	 67.5946275946276
29.74	 20	 67.37484737484738
29.75	 20	 67.57020757020757
29.76	 20	 67.5946275946276
29.77	 20	 67.61904761904762
29.78	 20	 67.61904761904762
29.79	 20	 67.81440781440782
29.8	 20	 67.5946275946276
29.81	 20	 67.57020757020757
29.82	 20	 67.57020757020757
29.83	 20	 67.61904761904762
29.84	 20	 67.47252747252747
29.85	 20	 67.57020757020757
29.86	 20	 67.6923076923077
29.87	 20	 67.57020757020757
29.88	 20	 67.57020757020757
29.89	 20	 67.5946275946276
29.9	 20	 67.54578754578755
29.91	 20	 67.57020757020757
29.92	 20	 67.64346764346764
29.93	 20	 67.57020757020757
29.94	 20	 67.52136752136752
29.95	 20	 67.5946275946276
29.96	 20	 67.61904761904762
29.97	 20	 67.61904761904762
29.98	 20	 67.5946275946276
29.99	 20	 67.6923076923077
30	 20	 67.5946275946276
30.01	 20	 67.57020757020757
30.02	 20	 67.5946275946276
30.03	 20	 67.64346764346764
30.04	 20	 67.6923076923077
30.05	 20	 67.76556776556777
30.06	 20	 67.6923076923077
30.07	 20	 67.64346764346764
30.08	 20	 67.74114774114774
30.09	 20	 67.64346764346764
30.1	 20	 67.78998778998779
30.11	 20	 67.66788766788767
30.12	 20	 67.6923076923077
30.13	 20	 67.5946275946276
30.14	 20	 67.6923076923077
30.15	 20	 67.5946275946276
30.16	 20	 67.66788766788767
30.17	 20	 67.64346764346764
30.18	 20	 67.61904761904762
30.19	 30	 67.6923076923077
30.2	 30	 67.71672771672772
30.21	 30	 67.6923076923077
30.22	 30	 67.08180708180709
30.23	 30	 67.5946275946276
30.24	 30	 67.76556776556777
30.25	 30	 67.5946275946276
30.26	 30	 67.54578754578755
30.27	 30	 67.6923076923077
30.28	 30	 67.6923076923077
30.29	 30	 67.66788766788767
30.3	 30	 67.71672771672772
30.31	 30	 67.6923076923077
30.32	 30	 67.64346764346764
30.33	 30	 67.64346764346764
30.34	 30	 67.66788766788767
30.35	 30	 67.5946275946276
30.36	 30	 67.66788766788767
30.37	 30	 67.66788766788767
30.38	 30	 67.66788766788767
30.39	 30	 67.66788766788767
30.4	 30	 67.6923076923077
30.41	 30	 67.78998778998779
30.42	 30	 67.78998778998779
30.43	 30	 67.66788766788767
30.44	 30	 67.52136752136752
30.45	 30	 67.66788766788767
30.46	 30	 67.6923076923077
30.47	 30	 67.6923076923077
30.48	 30	 67.88766788766789
30.49	 30	 67.66788766788767
30.5	 30	 67.66788766788767
30.51	 30	 67.78998778998779
30.52	 30	 67.66788766788767
30.53	 30	 67.66788766788767
30.54	 30	 67.32600732600733
30.55	 30	 67.66788766788767
30.56	 30	 67.6923076923077
30.57	 30	 67.66788766788767
30.58	 30	 67.71672771672772
30.59	 30	 67.66788766788767
30.6	 30	 67.78998778998779
30.61	 30	 67.4969474969475
30.62	 30	 67.78998778998779
30.63	 30	 67.76556776556777
30.64	 30	 67.66788766788767
30.65	 30	 67.76556776556777
30.66	 30	 67.66788766788767
30.67	 30	 67.78998778998779
30.68	 30	 67.78998778998779
30.69	 30	 67.4969474969475
30.7	 30	 67.66788766788767
30.71	 30	 67.64346764346764
30.72	 30	 67.61904761904762
30.73	 30	 67.74114774114774
30.74	 30	 67.78998778998779
30.75	 30	 67.76556776556777
30.76	 30	 67.78998778998779
30.77	 30	 61.172161172161175
30.78	 30	 67.98534798534799
30.79	 30	 68.00976800976801
30.8	 30	 68.52258852258852
30.81	 30	 68.81562881562881
30.82	 30	 69.37728937728937
30.83	 30	 69.74358974358974
30.84	 30	 70.20757020757021
30.85	 30	 70.74481074481075
30.86	 30	 71.6971916971917
30.87	 30	 71.7948717948718
30.88	 30	 72.35653235653236
30.89	 30	 72.82051282051282
30.9	 30	 73.26007326007326
30.91	 30	 73.55311355311355
30.92	 30	 74.11477411477412
30.93	 30	 74.52991452991454
30.94	 30	 74.82295482295483
30.95	 30	 74.94505494505495
30.96	 30	 75.31135531135531
30.97	 30	 75.48229548229548
30.98	 30	 75.7020757020757
30.99	 30	 75.7997557997558
31	 30	 75.92185592185592
31.01	 30	 76.16605616605617
31.02	 30	 75.67765567765568
31.03	 30	 76.28815628815629
31.04	 30	 76.53235653235653
31.05	 30	 76.55677655677655
31.06	 30	 76.6056166056166
31.07	 30	 76.55677655677655
31.08	 30	 76.97191697191697
31.09	 30	 76.72771672771673
31.1	 30	 76.77655677655677
31.11	 30	 77.21611721611721
31.12	 30	 76.7032967032967
31.13	 30	 76.65445665445665
31.14	 30	 76.7032967032967
31.15	 30	 76.75213675213675
31.16	 30	 76.77655677655677
31.17	 30	 76.8986568986569
31.18	 30	 76.65445665445665
31.19	 30	 77.04517704517704
31.2	 30	 76.06837606837607
31.21	 30	 76.92307692307692
31.22	 30	 74.57875457875458
31.23	 30	 76.84981684981685
31.24	 30	 76.94749694749694
31.25	 30	 76.97191697191697
31.26	 30	 77.43589743589743
31.27	 30	 76.94749694749694
31.28	 30	 76.94749694749694
31.29	 30	 77.21611721611721
31.3	 30	 77.36263736263736
31.31	 30	 77.19169719169719
31.32	 30	 77.26495726495726
31.33	 30	 77.36263736263736
31.34	 30	 77.36263736263736
31.35	 30	 77.48473748473748
31.36	 30	 77.46031746031746
31.37	 30	 77.48473748473748
31.38	 30	 77.7045177045177
31.39	 30	 77.65567765567765
31.4	 30	 77.85103785103784
31.41	 30	 77.7045177045177
31.42	 30	 77.68009768009767
31.43	 30	 77.82661782661782
31.44	 30	 77.82661782661782
31.45	 30	 77.85103785103784
31.46	 30	 77.8021978021978
31.47	 30	 77.85103785103784
31.48	 30	 77.82661782661782
31.49	 30	 77.8998778998779
31.5	 30	 77.82661782661782
31.51	 30	 77.82661782661782
31.52	 30	 77.97313797313797
31.53	 30	 77.94871794871794
31.54	 30	 77.94871794871794
31.55	 30	 77.94871794871794
31.56	 30	 77.82661782661782
31.57	 30	 77.94871794871794
31.58	 30	 77.97313797313797
31.59	 30	 77.94871794871794
31.6	 30	 77.94871794871794
31.61	 30	 78.02197802197803
31.62	 30	 77.82661782661782
31.63	 30	 77.99755799755799
31.64	 30	 77.85103785103784
31.65	 30	 77.77777777777777
31.66	 30	 77.94871794871794
31.67	 30	 77.8998778998779
31.68	 30	 77.77777777777777
31.69	 30	 77.7045177045177
31.7	 30	 77.5091575091575
31.71	 30	 77.43589743589743
31.72	 30	 77.26495726495726
31.73	 30	 77.14285714285714
31.74	 30	 76.94749694749694
31.75	 30	 76.75213675213675
31.76	 30	 76.58119658119658
31.77	 30	 76.8009768009768
31.78	 30	 76.26373626373626
31.79	 30	 75.995115995116
31.8	 30	 75.8974358974359
31.81	 30	 75.7997557997558
31.82	 30	 75.72649572649573
31.83	 30	 75.65323565323565
31.84	 30	 75.43345543345544
31.85	 30	 75.33577533577534
31.86	 30	 75.31135531135531
31.87	 30	 75.26251526251527
31.88	 30	 75.18925518925519
31.89	 30	 75.04273504273505
31.9	 30	 75.77533577533578
31.91	 30	 74.31013431013432
31.92	 30	 74.74969474969475
31.93	 30	 74.94505494505495
31.94	 30	 75.04273504273505
31.95	 30	 74.993894993895
31.96	 30	 75.01831501831502
31.97	 30	 74.92063492063492
31.98	 30	 74.87179487179488
31.99	 30	 74.87179487179488
32	 30	 74.92063492063492
32.01	 30	 74.62759462759463
32.02	 30	 74.8962148962149
32.03	 30	 74.7008547008547
32.04	 30	 74.84737484737485
32.05	 30	 74.993894993895
32.06	 30	 74.74969474969475
32.07	 30	 74.82295482295483
32.08	 30	 75.11599511599512
32.09	 30	 74.72527472527473
32.1	 30	 74.82295482295483
32.11	 30	 74.84737484737485
32.12	 30	 74.7008547008547
32.13	 30	 74.84737484737485
32.14	 30	 74.65201465201466
32.15	 30	 74.7008547008547
32.16	 30	 74.50549450549451
32.17	 30	 74.52991452991454
32.18	 30	 74.40781440781441
32.19	 30	 74.31013431013432
32.2	 30	 74.40781440781441
32.21	 30	 74.26129426129427
32.22	 30	 74.23687423687424
32.23	 30	 74.40781440781441
32.24	 30	 74.04151404151405
32.25	 30	 73.99267399267399
32.26	 30	 73.82173382173382
32.27	 30	 73.82173382173382
32.28	 30	 73.82173382173382
32.29	 30	 73.79731379731379
32.3	 30	 73.6996336996337
32.31	 30	 73.65079365079364
32.32	 30	 73.72405372405372
32.33	 30	 73.67521367521367
32.34	 30	 73.72405372405372
32.35	 30	 73.74847374847374
32.36	 30	 73.67521367521367
32.37	 30	 73.23565323565323
32.38	 30	 73.62637362637362
32.39	 30	 73.65079365079364
32.4	 30	 73.6996336996337
32.41	 30	 73.55311355311355
32.42	 30	 73.65079365079364
32.43	 30	 73.72405372405372
32.44	 30	 73.62637362637362
32.45	 30	 73.52869352869352
32.46	 30	 73.57753357753357
32.47	 30	 73.62637362637362
32.48	 30	 71.28205128205128
32.49	 30	 73.62637362637362
32.5	 30	 73.6019536019536
32.51	 30	 73.43101343101343
32.52	 30	 73.67521367521367
32.53	 30	 73.74847374847374
32.54	 30	 73.65079365079364
32.55	 30	 73.65079365079364
32.56	 30	 73.6996336996337
32.57	 30	 73.57753357753357
32.58	 30	 73.82173382173382
32.59	 30	 73.62637362637362
32.6	 30	 73.62637362637362
32.61	 30	 73.55311355311355
32.62	 30	 73.62637362637362
32.63	 30	 73.65079365079364
32.64	 30	 73.35775335775335
32.65	 30	 73.28449328449328
32.66	 30	 73.57753357753357
32.67	 30	 73.6019536019536
32.68	 30	 73.6019536019536
32.69	 30	 73.67521367521367
32.7	 30	 73.43101343101343
32.71	 30	 73.52869352869352
32.72	 30	 73.38217338217338
32.73	 30	 73.45543345543345
32.74	 30	 73.43101343101343
32.75	 30	 73.89499389499389
32.76	 30	 73.35775335775335
32.77	 30	 73.38217338217338
32.78	 30	 73.45543345543345
32.79	 30	 73.65079365079364
32.8	 30	 73.26007326007326
32.81	 30	 73.35775335775335
32.82	 30	 73.26007326007326
32.83	 30	 73.35775335775335
32.84	 30	 73.35775335775335
32.85	 30	 73.3089133089133
32.86	 30	 73.28449328449328
32.87	 30	 73.26007326007326
32.88	 30	 73.26007326007326
32.89	 30	 73.28449328449328
32.9	 30	 73.3089133089133
32.91	 30	 73.16239316239316
32.92	 30	 73.13797313797313
32.93	 30	 73.26007326007326
32.94	 30	 73.74847374847374
32.95	 30	 73.4065934065934
32.96	 30	 73.3089133089133
32.97	 30	 73.35775335775335
32.98	 30	 74.31013431013432
32.99	 30	 73.28449328449328
33	 30	 73.28449328449328
33.01	 30	 73.26007326007326
33.02	 30	 74.33455433455434
33.03	 30	 73.33333333333333
33.04	 30	 73.23565323565323
33.05	 30	 73.13797313797313
33.06	 30	 73.2112332112332
33.07	 30	 73.35775335775335
33.08	 30	 73.26007326007326
33.09	 30	 73.08913308913309
33.1	 30	 72.89377289377289
33.11	 30	 73.18681318681318
33.12	 30	 73.18681318681318
33.13	 30	 73.3089133089133
33.14	 30	 73.26007326007326
33.15	 30	 73.08913308913309
33.16	 30	 73.13797313797313
33.17	 30	 73.3089133089133
33.18	 30	 73.04029304029304
33.19	 30	 73.08913308913309
33.2	 30	 73.06471306471306
33.21	 30	 73.13797313797313
33.22	 30	 73.08913308913309
33.23	 30	 73.13797313797313
33.24	 30	 73.04029304029304
33.25	 30	 72.91819291819291
33.26	 30	 73.13797313797313
33.27	 30	 73.11355311355311
33.28	 30	 73.16239316239316
33.29	 30	 73.13797313797313
33.3	 30	 72.18559218559218
33.31	 30	 73.08913308913309
33.32	 30	 73.2112332112332
33.33	 30	 73.35775335775335
33.34	 30	 73.08913308913309
33.35	 30	 73.08913308913309
33.36	 30	 73.04029304029304
33.37	 30	 73.26007326007326
33.38	 30	 73.08913308913309
33.39	 30	 73.18681318681318
33.4	 30	 73.16239316239316
33.41	 30	 73.08913308913309
33.42	 30	 73.13797313797313
33.43	 30	 74.06593406593407
33.44	 30	 73.28449328449328
33.45	 30	 73.08913308913309
33.46	 30	 73.08913308913309
33.47	 30	 73.13797313797313
33.48	 30	 73.11355311355311
33.49	 30	 73.18681318681318
33.5	 30	 73.04029304029304
33.51	 30	 73.08913308913309
33.52	 30	 73.11355311355311
33.53	 30	 72.99145299145299
33.54	 30	 73.5042735042735
33.55	 30	 73.04029304029304
33.56	 30	 73.06471306471306
33.57	 30	 73.18681318681318
33.58	 30	 72.96703296703296
33.59	 30	 73.01587301587301
33.6	 30	 73.01587301587301
33.61	 30	 73.04029304029304
33.62	 30	 72.96703296703296
33.63	 30	 72.77167277167277
33.64	 30	 73.06471306471306
33.65	 30	 73.11355311355311
33.66	 30	 72.99145299145299
33.67	 30	 72.35653235653236
33.68	 30	 73.2112332112332
33.69	 30	 72.96703296703296
33.7	 30	 72.94261294261294
33.71	 30	 72.99145299145299
33.72	 30	 72.96703296703296
33.73	 30	 73.13797313797313
33.74	 30	 73.11355311355311
33.75	 30	 72.84493284493284
33.76	 30	 73.11355311355311
33.77	 30	 72.86935286935287
33.78	 30	 72.84493284493284
33.79	 30	 72.96703296703296
33.8	 30	 73.11355311355311
33.81	 30	 73.01587301587301
33.82	 30	 73.06471306471306
33.83	 30	 72.94261294261294
33.84	 30	 72.99145299145299
33.85	 30	 73.04029304029304
33.86	 30	 73.08913308913309
33.87	 30	 72.89377289377289
33.88	 30	 73.06471306471306
33.89	 30	 73.06471306471306
33.9	 30	 73.04029304029304
33.91	 30	 73.06471306471306
33.92	 30	 73.08913308913309
33.93	 30	 73.11355311355311
33.94	 30	 73.11355311355311
33.95	 30	 73.04029304029304
33.96	 30	 73.06471306471306
33.97	 30	 73.06471306471306
33.98	 30	 72.96703296703296
33.99	 30	 72.91819291819291
34	 30	 72.86935286935287
34.01	 30	 72.96703296703296
34.02	 30	 72.99145299145299
34.03	 30	 72.96703296703296
34.04	 30	 73.08913308913309
34.05	 30	 73.06471306471306
34.06	 30	 73.11355311355311
34.07	 30	 73.01587301587301
34.08	 30	 72.96703296703296
34.09	 30	 73.01587301587301
34.1	 30	 73.08913308913309
34.11	 30	 73.06471306471306
34.12	 30	 72.96703296703296
34.13	 30	 72.94261294261294
34.14	 30	 72.96703296703296
34.15	 30	 72.96703296703296
34.16	 30	 72.96703296703296
34.17	 30	 72.94261294261294
34.18	 30	 73.04029304029304
34.19	 30	 72.96703296703296
34.2	 30	 73.13797313797313
34.21	 30	 73.26007326007326
34.22	 30	 72.84493284493284
34.23	 30	 72.89377289377289
34.24	 30	 73.08913308913309
34.25	 30	 72.94261294261294
34.26	 30	 73.01587301587301
34.27	 30	 72.94261294261294
34.28	 30	 72.94261294261294
34.29	 30	 72.96703296703296
34.3	 30	 72.94261294261294
34.31	 30	 72.99145299145299
34.32	 30	 72.96703296703296
34.33	 30	 73.23565323565323
34.34	 30	 72.89377289377289
34.35	 30	 73.11355311355311
34.36	 30	 72.96703296703296
34.37	 30	 72.89377289377289
34.38	 30	 72.94261294261294
34.39	 30	 72.89377289377289
34.4	 30	 72.96703296703296
34.41	 30	 72.94261294261294
34.42	 30	 72.74725274725274
34.43	 30	 73.01587301587301
34.44	 30	 72.84493284493284
34.45	 30	 72.94261294261294
34.46	 30	 72.7960927960928
34.47	 30	 73.01587301587301
34.48	 30	 73.01587301587301
34.49	 30	 73.06471306471306
34.5	 30	 72.84493284493284
34.51	 30	 73.01587301587301
34.52	 30	 73.01587301587301
34.53	 30	 72.86935286935287
34.54	 30	 73.01587301587301
34.55	 30	 72.86935286935287
34.56	 30	 72.84493284493284
34.57	 30	 72.96703296703296
34.58	 30	 72.89377289377289
34.59	 30	 72.91819291819291
34.6	 30	 72.86935286935287
34.61	 30	 72.84493284493284
34.62	 30	 72.84493284493284
34.63	 30	 72.96703296703296
34.64	 30	 72.84493284493284
34.65	 30	 72.94261294261294
34.66	 30	 72.82051282051282
34.67	 30	 72.99145299145299
34.68	 30	 72.94261294261294
34.69	 30	 72.84493284493284
34.7	 30	 72.84493284493284
34.71	 30	 72.74725274725274
34.72	 30	 73.55311355311355
34.73	 30	 72.84493284493284
34.74	 30	 72.96703296703296
34.75	 30	 73.01587301587301
34.76	 30	 72.99145299145299
34.77	 30	 73.06471306471306
34.78	 30	 73.06471306471306
34.79	 30	 73.06471306471306
34.8	 30	 72.94261294261294
34.81	 30	 72.99145299145299
34.82	 30	 73.01587301587301
34.83	 30	 72.89377289377289
34.84	 30	 73.16239316239316
34.85	 30	 72.23443223443223
34.86	 30	 73.01587301587301
34.87	 30	 73.04029304029304
34.88	 30	 72.7960927960928
34.89	 30	 72.91819291819291
34.9	 30	 71.45299145299145
34.91	 30	 72.96703296703296
34.92	 30	 73.33333333333333
34.93	 30	 72.89377289377289
34.94	 30	 72.94261294261294
34.95	 30	 72.84493284493284
34.96	 30	 72.94261294261294
34.97	 30	 72.82051282051282
34.98	 30	 72.72283272283272
34.99	 30	 72.84493284493284
35	 30	 72.91819291819291
35.01	 30	 72.84493284493284
35.02	 30	 72.89377289377289
35.03	 30	 72.89377289377289
35.04	 30	 72.7960927960928
35.05	 30	 73.01587301587301
35.06	 30	 72.94261294261294
35.07	 30	 72.89377289377289
35.08	 30	 72.84493284493284
35.09	 30	 73.01587301587301
35.1	 30	 72.89377289377289
35.11	 30	 72.91819291819291
35.12	 30	 72.74725274725274
35.13	 30	 72.96703296703296
35.14	 30	 72.94261294261294
35.15	 30	 72.84493284493284
35.16	 30	 72.7960927960928
35.17	 30	 72.89377289377289
35.18	 30	 72.96703296703296
35.19	 30	 72.7960927960928
35.2	 30	 72.74725274725274
35.21	 30	 72.86935286935287
35.22	 30	 72.74725274725274
35.23	 30	 73.2112332112332
35.24	 30	 72.91819291819291
35.25	 30	 72.84493284493284
35.26	 30	 72.89377289377289
35.27	 30	 72.77167277167277
35.28	 30	 72.84493284493284
35.29	 30	 72.84493284493284
35.3	 30	 72.89377289377289
35.31	 30	 72.84493284493284
35.32	 30	 72.84493284493284
35.33	 30	 72.91819291819291
35.34	 30	 72.91819291819291
35.35	 30	 72.74725274725274
35.36	 30	 72.82051282051282
35.37	 30	 72.89377289377289
35.38	 30	 72.7960927960928
35.39	 30	 73.11355311355311
35.4	 30	 72.96703296703296
35.41	 30	 73.06471306471306
35.42	 30	 72.89377289377289
35.43	 30	 73.01587301587301
35.44	 30	 73.06471306471306
35.45	 30	 72.86935286935287
35.46	 30	 72.96703296703296
35.47	 30	 72.99145299145299
35.48	 30	 72.96703296703296
35.49	 30	 73.11355311355311
35.5	 30	 72.94261294261294
35.51	 30	 72.89377289377289
35.52	 30	 73.06471306471306
35.53	 30	 72.35653235653236
35.54	 30	 73.35775335775335
35.55	 30	 73.01587301587301
35.56	 30	 73.06471306471306
35.57	 30	 72.91819291819291
35.58	 30	 72.99145299145299
35.59	 30	 72.89377289377289
35.6	 30	 72.89377289377289
35.61	 30	 72.82051282051282
35.62	 30	 72.96703296703296
35.63	 30	 72.86935286935287
35.64	 30	 72.84493284493284
35.65	 30	 72.94261294261294
35.66	 30	 72.74725274725274
35.67	 30	 72.74725274725274
35.68	 30	 72.94261294261294
35.69	 30	 72.96703296703296
35.7	 30	 73.57753357753357
35.71	 30	 73.04029304029304
35.72	 30	 72.84493284493284
35.73	 30	 72.86935286935287
35.74	 30	 72.91819291819291
35.75	 30	 72.82051282051282
35.76	 30	 72.7960927960928
35.77	 30	 72.7960927960928
35.78	 30	 72.84493284493284
35.79	 30	 72.74725274725274
35.8	 30	 72.7960927960928
35.81	 30	 72.84493284493284
35.82	 30	 72.74725274725274
35.83	 30	 72.77167277167277
35.84	 30	 72.84493284493284
35.85	 30	 72.74725274725274
35.86	 30	 72.77167277167277
35.87	 30	 73.18681318681318
35.88	 30	 72.77167277167277
35.89	 30	 72.84493284493284
35.9	 30	 72.6984126984127
35.91	 30	 72.84493284493284
35.92	 30	 72.7960927960928
35.93	 30	 72.82051282051282
35.94	 30	 72.84493284493284
35.95	 30	 72.74725274725274
35.96	 30	 72.74725274725274
35.97	 30	 72.82051282051282
35.98	 30	 72.77167277167277
35.99	 30	 72.77167277167277
36	 30	 72.84493284493284
36.01	 30	 73.04029304029304
36.02	 30	 72.82051282051282
36.03	 30	 72.74725274725274
36.04	 30	 72.86935286935287
36.05	 30	 72.84493284493284
36.06	 30	 72.82051282051282
36.07	 30	 72.86935286935287
36.08	 30	 72.84493284493284
36.09	 30	 72.82051282051282
36.1	 30	 72.82051282051282
36.11	 30	 72.74725274725274
36.12	 30	 72.84493284493284
36.13	 30	 72.82051282051282
36.14	 30	 72.84493284493284
36.15	 30	 72.96703296703296
36.16	 30	 72.6984126984127
36.17	 30	 72.82051282051282
36.18	 30	 72.77167277167277
36.19	 30	 72.77167277167277
36.2	 30	 72.84493284493284
36.21	 30	 72.74725274725274
36.22	 30	 72.82051282051282
36.23	 30	 72.7960927960928
36.24	 30	 72.84493284493284
36.25	 30	 72.6984126984127
36.26	 30	 72.77167277167277
36.27	 30	 72.6984126984127
36.28	 30	 72.77167277167277
36.29	 30	 72.72283272283272
36.3	 30	 72.74725274725274
36.31	 30	 72.82051282051282
36.32	 30	 72.7960927960928
36.33	 30	 72.82051282051282
36.34	 30	 72.82051282051282
36.35	 30	 72.62515262515262
36.36	 30	 72.84493284493284
36.37	 30	 72.82051282051282
36.38	 30	 72.6007326007326
36.39	 30	 72.77167277167277
36.4	 30	 72.6984126984127
36.41	 30	 72.74725274725274
36.42	 30	 72.6007326007326
36.43	 30	 72.72283272283272
36.44	 30	 72.84493284493284
36.45	 30	 72.82051282051282
36.46	 30	 72.77167277167277
36.47	 30	 72.74725274725274
36.48	 30	 72.67399267399267
36.49	 30	 72.77167277167277
36.5	 30	 72.77167277167277
36.51	 30	 73.01587301587301
36.52	 30	 72.77167277167277
36.53	 30	 72.84493284493284
36.54	 30	 72.84493284493284
36.55	 30	 72.77167277167277
36.56	 30	 72.7960927960928
36.57	 30	 72.82051282051282
36.58	 30	 72.74725274725274
36.59	 30	 72.74725274725274
36.6	 30	 72.91819291819291
36.61	 30	 72.82051282051282
36.62	 30	 72.77167277167277
36.63	 30	 72.84493284493284
36.64	 30	 72.72283272283272
36.65	 30	 72.77167277167277
36.66	 30	 72.77167277167277
36.67	 30	 72.67399267399267
36.68	 30	 72.77167277167277
36.69	 30	 72.7960927960928
36.7	 30	 72.72283272283272
36.71	 30	 72.74725274725274
36.72	 30	 72.74725274725274
36.73	 30	 72.7960927960928
36.74	 30	 72.74725274725274
36.75	 30	 72.74725274725274
36.76	 30	 72.57631257631257
36.77	 30	 72.74725274725274
36.78	 30	 72.7960927960928
36.79	 30	 72.86935286935287
36.8	 30	 72.82051282051282
36.81	 30	 72.74725274725274
36.82	 30	 72.77167277167277
36.83	 30	 72.84493284493284
36.84	 30	 72.72283272283272
36.85	 30	 72.74725274725274
36.86	 30	 72.74725274725274
36.87	 30	 72.77167277167277
36.88	 30	 72.84493284493284
36.89	 30	 72.84493284493284
36.9	 30	 72.77167277167277
36.91	 30	 72.82051282051282
36.92	 30	 72.74725274725274
36.93	 30	 72.96703296703296
36.94	 30	 72.62515262515262
36.95	 30	 72.74725274725274
36.96	 30	 72.7960927960928
36.97	 30	 72.74725274725274
36.98	 30	 72.82051282051282
36.99	 30	 72.77167277167277
37	 30	 72.82051282051282
37.01	 30	 72.86935286935287
37.02	 30	 72.82051282051282
37.03	 30	 72.89377289377289
37.04	 30	 73.16239316239316
37.05	 30	 72.91819291819291
37.06	 30	 72.84493284493284
37.07	 30	 72.7960927960928
37.08	 30	 72.74725274725274
37.09	 30	 72.7960927960928
37.1	 30	 72.84493284493284
37.11	 30	 72.6984126984127
37.12	 30	 72.67399267399267
37.13	 30	 72.6984126984127
37.14	 30	 72.6984126984127
37.15	 30	 72.6984126984127
37.16	 30	 72.47863247863248
37.17	 30	 72.74725274725274
37.18	 30	 72.77167277167277
37.19	 30	 72.74725274725274
37.2	 30	 72.82051282051282
37.21	 30	 72.74725274725274
37.22	 30	 72.84493284493284
37.23	 30	 72.77167277167277
37.24	 30	 72.7960927960928
37.25	 30	 72.77167277167277
37.26	 30	 72.89377289377289
37.27	 30	 72.74725274725274
37.28	 30	 72.77167277167277
37.29	 30	 72.86935286935287
37.3	 30	 72.74725274725274
37.31	 30	 72.82051282051282
37.32	 30	 72.84493284493284
37.33	 30	 72.82051282051282
37.34	 30	 72.82051282051282
37.35	 30	 72.6984126984127
37.36	 30	 72.74725274725274
37.37	 30	 72.6984126984127
37.38	 30	 72.6984126984127
37.39	 30	 72.67399267399267
37.4	 30	 72.74725274725274
37.41	 30	 72.6984126984127
37.42	 30	 72.74725274725274
37.43	 30	 72.74725274725274
37.44	 30	 72.77167277167277
37.45	 30	 72.67399267399267
37.46	 30	 72.67399267399267
37.47	 30	 72.64957264957265
37.48	 30	 72.7960927960928
37.49	 30	 72.74725274725274
37.5	 30	 72.84493284493284
37.51	 30	 72.67399267399267
37.52	 30	 72.64957264957265
37.53	 30	 72.84493284493284
37.54	 30	 72.45421245421245
37.55	 30	 72.77167277167277
37.56	 30	 72.6984126984127
37.57	 30	 72.74725274725274
37.58	 30	 72.6984126984127
37.59	 30	 72.74725274725274
37.6	 30	 72.57631257631257
37.61	 30	 71.91697191697192
37.62	 30	 72.77167277167277
37.63	 30	 72.6984126984127
37.64	 30	 72.6984126984127
37.65	 30	 72.7960927960928
37.66	 30	 72.82051282051282
37.67	 30	 72.77167277167277
37.68	 30	 72.74725274725274
37.69	 30	 72.06349206349206
37.7	 30	 72.72283272283272
37.71	 30	 69.93894993894993
37.72	 30	 72.89377289377289
37.73	 30	 72.77167277167277
37.74	 30	 72.67399267399267
37.75	 30	 72.74725274725274
37.76	 30	 72.72283272283272
37.77	 30	 72.67399267399267
37.78	 30	 72.67399267399267
37.79	 30	 72.55189255189255
37.8	 30	 72.67399267399267
37.81	 30	 72.82051282051282
37.82	 30	 72.6984126984127
37.83	 30	 72.74725274725274
37.84	 30	 72.82051282051282
37.85	 30	 72.6984126984127
37.86	 30	 72.74725274725274
37.87	 30	 72.72283272283272
37.88	 30	 72.77167277167277
37.89	 30	 72.67399267399267
37.9	 30	 72.67399267399267
37.91	 30	 72.74725274725274
37.92	 30	 72.6984126984127
37.93	 30	 72.6984126984127
37.94	 30	 72.6984126984127
37.95	 30	 73.13797313797313
37.96	 30	 72.6984126984127
37.97	 30	 72.6984126984127
37.98	 30	 72.67399267399267
37.99	 30	 72.74725274725274
38	 30	 72.74725274725274
38.01	 30	 72.72283272283272
38.02	 30	 72.77167277167277
38.03	 30	 72.84493284493284
38.04	 30	 72.6984126984127
38.05	 30	 72.74725274725274
38.06	 30	 72.77167277167277
38.07	 30	 72.52747252747253
38.08	 30	 72.7960927960928
38.09	 30	 72.28327228327228
38.1	 30	 72.74725274725274
38.11	 30	 72.82051282051282
38.12	 30	 72.7960927960928
38.13	 30	 72.96703296703296
38.14	 30	 72.74725274725274
38.15	 30	 72.82051282051282
38.16	 30	 72.6984126984127
38.17	 30	 72.7960927960928
38.18	 30	 72.84493284493284
38.19	 30	 72.77167277167277
38.2	 30	 72.74725274725274
38.21	 30	 72.84493284493284
38.22	 30	 73.01587301587301
38.23	 30	 72.6984126984127
38.24	 30	 72.84493284493284
38.25	 30	 72.6984126984127
38.26	 30	 72.64957264957265
38.27	 30	 72.74725274725274
38.28	 30	 72.84493284493284
38.29	 30	 72.77167277167277
38.3	 30	 72.74725274725274
38.31	 30	 72.7960927960928
38.32	 30	 72.77167277167277
38.33	 30	 72.7960927960928
38.34	 30	 72.74725274725274
38.35	 30	 72.72283272283272
38.36	 30	 72.6984126984127
38.37	 30	 72.84493284493284
38.38	 30	 72.82051282051282
38.39	 30	 72.67399267399267
38.4	 30	 72.82051282051282
38.41	 30	 72.72283272283272
38.42	 30	 72.74725274725274
38.43	 30	 72.6984126984127
38.44	 30	 72.6984126984127
38.45	 30	 72.72283272283272
38.46	 30	 72.74725274725274
38.47	 30	 72.74725274725274
38.48	 30	 72.67399267399267
38.49	 30	 72.74725274725274
38.5	 30	 72.67399267399267
38.51	 30	 72.6007326007326
38.52	 30	 72.62515262515262
38.53	 30	 72.67399267399267
38.54	 30	 72.55189255189255
38.55	 30	 72.52747252747253
38.56	 30	 72.67399267399267
38.57	 30	 72.67399267399267
38.58	 30	 72.6984126984127
38.59	 30	 72.55189255189255
38.6	 30	 72.7960927960928
38.61	 30	 72.99145299145299
38.62	 30	 72.67399267399267
38.63	 30	 72.6007326007326
38.64	 30	 72.6984126984127
38.65	 30	 72.72283272283272
38.66	 30	 72.62515262515262
38.67	 30	 72.77167277167277
38.68	 30	 72.67399267399267
38.69	 30	 72.86935286935287
38.7	 30	 72.72283272283272
38.71	 30	 72.67399267399267
38.72	 30	 72.6007326007326
38.73	 30	 72.67399267399267
38.74	 30	 72.64957264957265
38.75	 30	 72.6007326007326
38.76	 30	 72.72283272283272
38.77	 30	 72.67399267399267
38.78	 30	 72.84493284493284
38.79	 30	 72.6984126984127
38.8	 30	 72.67399267399267
38.81	 30	 72.77167277167277
38.82	 30	 72.72283272283272
38.83	 30	 72.6984126984127
38.84	 30	 72.72283272283272
38.85	 30	 72.77167277167277
38.86	 30	 72.67399267399267
38.87	 30	 72.72283272283272
38.88	 30	 72.67399267399267
38.89	 30	 72.6984126984127
38.9	 30	 72.6984126984127
38.91	 30	 72.47863247863248
38.92	 30	 72.6984126984127
38.93	 30	 72.67399267399267
38.94	 30	 72.72283272283272
38.95	 30	 72.74725274725274
38.96	 30	 72.67399267399267
38.97	 30	 72.67399267399267
38.98	 30	 72.6007326007326
38.99	 30	 72.67399267399267
39	 30	 72.72283272283272
39.01	 30	 72.6984126984127
39.02	 30	 72.67399267399267
39.03	 30	 72.72283272283272
39.04	 30	 72.82051282051282
39.05	 30	 72.72283272283272
39.06	 30	 72.74725274725274
39.07	 30	 72.6007326007326
39.08	 30	 72.67399267399267
39.09	 30	 72.72283272283272
39.1	 30	 72.67399267399267
39.11	 30	 72.67399267399267
39.12	 30	 72.57631257631257
39.13	 30	 72.67399267399267
39.14	 30	 72.62515262515262
39.15	 30	 72.21001221001221
39.16	 30	 72.74725274725274
39.17	 30	 72.67399267399267
39.18	 30	 72.67399267399267
39.19	 30	 72.91819291819291
39.2	 30	 72.6984126984127
39.21	 30	 72.74725274725274
39.22	 30	 72.82051282051282
39.23	 30	 72.77167277167277
39.24	 30	 72.67399267399267
39.25	 30	 72.72283272283272
39.26	 30	 72.74725274725274
39.27	 30	 72.77167277167277
39.28	 30	 72.74725274725274
39.29	 30	 72.6984126984127
39.3	 30	 72.67399267399267
39.31	 30	 72.6984126984127
39.32	 30	 72.72283272283272
39.33	 30	 72.67399267399267
39.34	 30	 72.74725274725274
39.35	 30	 72.6984126984127
39.36	 30	 72.67399267399267
39.37	 30	 72.67399267399267
39.38	 30	 72.64957264957265
39.39	 30	 72.64957264957265
39.4	 30	 72.67399267399267
39.41	 30	 72.35653235653236
39.42	 30	 72.62515262515262
39.43	 30	 72.67399267399267
39.44	 30	 72.64957264957265
39.45	 30	 72.6984126984127
39.46	 30	 72.72283272283272
39.47	 30	 72.62515262515262
39.48	 30	 72.67399267399267
39.49	 30	 72.67399267399267
39.5	 30	 72.64957264957265
39.51	 30	 72.67399267399267
39.52	 30	 72.72283272283272
39.53	 30	 72.72283272283272
39.54	 30	 72.35653235653236
39.55	 30	 72.67399267399267
39.56	 30	 72.6007326007326
39.57	 30	 72.67399267399267
39.58	 30	 72.67399267399267
39.59	 30	 72.64957264957265
39.6	 30	 72.74725274725274
39.61	 30	 72.82051282051282
39.62	 30	 72.74725274725274
39.63	 30	 72.57631257631257
39.64	 30	 72.64957264957265
39.65	 30	 72.67399267399267
39.66	 30	 72.84493284493284
39.67	 30	 72.47863247863248
39.68	 30	 72.67399267399267
39.69	 30	 72.55189255189255
39.7	 30	 72.64957264957265
39.71	 30	 72.67399267399267
39.72	 30	 72.6007326007326
39.73	 30	 72.72283272283272
39.74	 30	 72.74725274725274
39.75	 30	 72.5030525030525
39.76	 30	 72.67399267399267
39.77	 30	 72.72283272283272
39.78	 30	 72.28327228327228
39.79	 30	 72.57631257631257
39.8	 30	 72.55189255189255
39.81	 30	 72.62515262515262
39.82	 30	 72.6007326007326
39.83	 30	 72.62515262515262
39.84	 30	 72.6007326007326
39.85	 30	 72.62515262515262
39.86	 30	 72.5030525030525
39.87	 30	 72.57631257631257
39.88	 30	 72.57631257631257
39.89	 30	 72.57631257631257
39.9	 30	 72.6007326007326
39.91	 30	 72.64957264957265
39.92	 30	 72.6007326007326
39.93	 30	 72.55189255189255
39.94	 30	 72.67399267399267
39.95	 30	 72.52747252747253
39.96	 30	 72.47863247863248
39.97	 30	 72.6007326007326
39.98	 30	 72.55189255189255
39.99	 30	 72.55189255189255
