0	 10	 36.14163614163614
0.01	 10	 36.214896214896214
0.02	 10	 35.87301587301587
0.03	 10	 36.23931623931624
0.04	 10	 36.26373626373626
0.05	 10	 36.336996336996336
0.06	 10	 36.31257631257631
0.07	 10	 36.166056166056165
0.08	 10	 36.31257631257631
0.09	 10	 36.23931623931624
0.1	 10	 36.19047619047619
0.11	 10	 36.14163614163614
0.12	 10	 36.26373626373626
0.13	 10	 36.31257631257631
0.14	 10	 36.166056166056165
0.15	 10	 36.19047619047619
0.16	 10	 36.26373626373626
0.17	 10	 36.26373626373626
0.18	 10	 36.23931623931624
0.19	 10	 36.14163614163614
0.2	 10	 36.28815628815629
0.21	 10	 36.214896214896214
0.22	 10	 36.214896214896214
0.23	 10	 36.28815628815629
0.24	 10	 36.26373626373626
0.25	 10	 36.23931623931624
0.26	 10	 40.537240537240535
0.27	 10	 36.23931623931624
0.28	 10	 36.214896214896214
0.29	 10	 36.214896214896214
0.3	 10	 36.336996336996336
0.31	 10	 36.19047619047619
0.32	 10	 36.214896214896214
0.33	 10	 36.23931623931624
0.34	 10	 36.23931623931624
0.35	 10	 36.11721611721612
0.36	 10	 36.26373626373626
0.37	 10	 36.26373626373626
0.38	 10	 36.14163614163614
0.39	 10	 36.23931623931624
0.4	 10	 36.19047619047619
0.41	 10	 36.214896214896214
0.42	 10	 35.92185592185592
0.43	 10	 36.26373626373626
0.44	 10	 36.214896214896214
0.45	 10	 36.23931623931624
0.46	 10	 36.26373626373626
0.47	 10	 36.166056166056165
0.48	 10	 36.31257631257631
0.49	 10	 36.31257631257631
0.5	 10	 36.385836385836384
0.51	 10	 36.31257631257631
0.52	 10	 37.411477411477414
0.53	 10	 36.31257631257631
0.54	 10	 36.31257631257631
0.55	 10	 36.43467643467643
0.56	 10	 37.0940170940171
0.57	 10	 36.385836385836384
0.58	 10	 36.31257631257631
0.59	 10	 35.97069597069597
0.6	 10	 36.11721611721612
0.61	 10	 36.28815628815629
0.62	 10	 36.36141636141636
0.63	 10	 35.97069597069597
0.64	 10	 36.28815628815629
0.65	 10	 36.385836385836384
0.66	 10	 36.41025641025641
0.67	 10	 36.31257631257631
0.68	 10	 36.41025641025641
0.69	 10	 36.385836385836384
0.7	 10	 36.63003663003663
0.71	 10	 36.53235653235653
0.72	 10	 36.336996336996336
0.73	 10	 36.41025641025641
0.74	 10	 36.48351648351648
0.75	 10	 36.48351648351648
0.76	 10	 36.36141636141636
0.77	 10	 36.45909645909646
0.78	 10	 36.48351648351648
0.79	 10	 36.26373626373626
0.8	 10	 36.53235653235653
0.81	 10	 36.6056166056166
0.82	 10	 36.41025641025641
0.83	 10	 36.53235653235653
0.84	 10	 36.45909645909646
0.85	 10	 36.36141636141636
0.86	 10	 36.41025641025641
0.87	 10	 36.31257631257631
0.88	 10	 36.385836385836384
0.89	 10	 36.36141636141636
0.9	 10	 35.84859584859585
0.91	 10	 36.23931623931624
0.92	 10	 36.19047619047619
0.93	 10	 36.26373626373626
0.94	 10	 36.28815628815629
0.95	 10	 36.26373626373626
0.96	 10	 36.26373626373626
0.97	 10	 36.28815628815629
0.98	 10	 36.28815628815629
0.99	 10	 36.336996336996336
1	 10	 36.26373626373626
1.01	 10	 36.36141636141636
1.02	 10	 36.41025641025641
1.03	 10	 36.43467643467643
1.04	 10	 36.67887667887668
1.05	 10	 36.48351648351648
1.06	 10	 36.41025641025641
1.07	 10	 36.507936507936506
1.08	 10	 36.41025641025641
1.09	 10	 36.36141636141636
1.1	 10	 36.43467643467643
1.11	 10	 36.36141636141636
1.12	 10	 36.43467643467643
1.13	 10	 36.385836385836384
1.14	 10	 36.36141636141636
1.15	 10	 36.6056166056166
1.16	 10	 36.31257631257631
1.17	 10	 35.995115995115995
1.18	 10	 36.36141636141636
1.19	 10	 36.36141636141636
1.2	 10	 36.31257631257631
1.21	 10	 36.36141636141636
1.22	 10	 36.31257631257631
1.23	 10	 36.336996336996336
1.24	 10	 36.26373626373626
1.25	 10	 36.31257631257631
1.26	 10	 36.19047619047619
1.27	 10	 36.26373626373626
1.28	 10	 36.41025641025641
1.29	 10	 36.23931623931624
1.3	 10	 36.28815628815629
1.31	 10	 36.31257631257631
1.32	 10	 36.23931623931624
1.33	 10	 35.995115995115995
1.34	 10	 36.28815628815629
1.35	 10	 36.31257631257631
1.36	 10	 36.41025641025641
1.37	 10	 36.31257631257631
1.38	 10	 36.336996336996336
1.39	 10	 36.53235653235653
1.4	 10	 36.36141636141636
1.41	 10	 36.336996336996336
1.42	 10	 36.31257631257631
1.43	 10	 36.48351648351648
1.44	 10	 36.385836385836384
1.45	 10	 36.43467643467643
1.46	 10	 36.58119658119658
1.47	 10	 36.36141636141636
1.48	 10	 36.43467643467643
1.49	 10	 36.48351648351648
1.5	 10	 36.48351648351648
1.51	 10	 36.385836385836384
1.52	 10	 36.36141636141636
1.53	 10	 36.41025641025641
1.54	 10	 36.385836385836384
1.55	 10	 36.41025641025641
1.56	 10	 36.43467643467643
1.57	 10	 36.31257631257631
1.58	 10	 36.41025641025641
1.59	 10	 36.41025641025641
1.6	 10	 36.45909645909646
1.61	 10	 36.23931623931624
1.62	 10	 36.43467643467643
1.63	 10	 36.53235653235653
1.64	 10	 36.36141636141636
1.65	 10	 36.41025641025641
1.66	 10	 36.36141636141636
1.67	 10	 35.01831501831502
1.68	 10	 36.41025641025641
1.69	 10	 36.48351648351648
1.7	 10	 36.45909645909646
1.71	 10	 36.28815628815629
1.72	 10	 36.31257631257631
1.73	 10	 36.507936507936506
1.74	 10	 36.48351648351648
1.75	 10	 36.63003663003663
1.76	 10	 36.53235653235653
1.77	 10	 36.43467643467643
1.78	 10	 36.507936507936506
1.79	 10	 36.48351648351648
1.8	 10	 36.14163614163614
1.81	 10	 36.41025641025641
1.82	 10	 36.53235653235653
1.83	 10	 36.48351648351648
1.84	 10	 36.48351648351648
1.85	 10	 36.53235653235653
1.86	 10	 36.53235653235653
1.87	 10	 36.507936507936506
1.88	 10	 36.58119658119658
1.89	 10	 36.53235653235653
1.9	 10	 36.556776556776555
1.91	 10	 36.63003663003663
1.92	 10	 36.58119658119658
1.93	 10	 36.53235653235653
1.94	 10	 36.41025641025641
1.95	 10	 36.507936507936506
1.96	 10	 36.507936507936506
1.97	 10	 36.6056166056166
1.98	 10	 36.6056166056166
1.99	 10	 36.556776556776555
2	 10	 36.556776556776555
2.01	 10	 36.67887667887668
2.02	 10	 36.63003663003663
2.03	 10	 36.67887667887668
2.04	 10	 36.776556776556774
2.05	 10	 36.65445665445665
2.06	 10	 36.7032967032967
2.07	 10	 36.556776556776555
2.08	 10	 36.6056166056166
2.09	 10	 36.63003663003663
2.1	 10	 36.6056166056166
2.11	 10	 36.58119658119658
2.12	 10	 36.63003663003663
2.13	 10	 36.6056166056166
2.14	 10	 36.53235653235653
2.15	 10	 36.6056166056166
2.16	 10	 36.556776556776555
2.17	 10	 36.556776556776555
2.18	 10	 36.58119658119658
2.19	 10	 36.58119658119658
2.2	 10	 36.63003663003663
2.21	 10	 36.898656898656895
2.22	 10	 36.53235653235653
2.23	 10	 36.63003663003663
2.24	 10	 36.63003663003663
2.25	 10	 36.727716727716725
2.26	 10	 36.6056166056166
2.27	 10	 36.53235653235653
2.28	 10	 36.507936507936506
2.29	 10	 36.727716727716725
2.3	 10	 36.7032967032967
2.31	 10	 36.727716727716725
2.32	 10	 36.727716727716725
2.33	 10	 36.65445665445665
2.34	 10	 36.97191697191697
2.35	 10	 36.75213675213675
2.36	 10	 36.75213675213675
2.37	 10	 36.776556776556774
2.38	 10	 36.8009768009768
2.39	 10	 36.898656898656895
2.4	 10	 36.82539682539682
2.41	 10	 36.7032967032967
2.42	 10	 36.776556776556774
2.43	 10	 36.75213675213675
2.44	 10	 36.8009768009768
2.45	 10	 36.75213675213675
2.46	 10	 36.82539682539682
2.47	 10	 36.75213675213675
2.48	 10	 36.82539682539682
2.49	 10	 36.82539682539682
2.5	 10	 36.82539682539682
2.51	 10	 36.75213675213675
2.52	 10	 36.8009768009768
2.53	 10	 36.82539682539682
2.54	 10	 36.87423687423687
2.55	 10	 36.8009768009768
2.56	 10	 36.75213675213675
2.57	 10	 36.776556776556774
2.58	 10	 36.75213675213675
2.59	 10	 36.36141636141636
2.6	 10	 36.898656898656895
2.61	 10	 36.776556776556774
2.62	 10	 36.8009768009768
2.63	 10	 36.8009768009768
2.64	 10	 36.8009768009768
2.65	 10	 36.898656898656895
2.66	 10	 36.898656898656895
2.67	 10	 36.898656898656895
2.68	 10	 36.84981684981685
2.69	 10	 37.16727716727717
2.7	 10	 36.92307692307692
2.71	 10	 36.99633699633699
2.72	 10	 36.7032967032967
2.73	 10	 36.97191697191697
2.74	 10	 36.99633699633699
2.75	 10	 37.020757020757024
2.76	 10	 37.06959706959707
2.77	 10	 37.11843711843712
2.78	 10	 37.020757020757024
2.79	 10	 36.99633699633699
2.8	 10	 36.87423687423687
2.81	 10	 36.92307692307692
2.82	 10	 37.020757020757024
2.83	 10	 36.87423687423687
2.84	 10	 36.92307692307692
2.85	 10	 36.92307692307692
2.86	 10	 37.06959706959707
2.87	 10	 37.020757020757024
2.88	 10	 37.48473748473749
2.89	 10	 37.04517704517705
2.9	 10	 37.04517704517705
2.91	 10	 36.947496947496944
2.92	 10	 37.04517704517705
2.93	 10	 37.11843711843712
2.94	 10	 36.99633699633699
2.95	 10	 36.99633699633699
2.96	 10	 37.020757020757024
2.97	 10	 36.99633699633699
2.98	 10	 36.99633699633699
2.99	 10	 36.99633699633699
3	 10	 37.06959706959707
3.01	 10	 36.99633699633699
3.02	 10	 36.28815628815629
3.03	 10	 36.8009768009768
3.04	 10	 37.142857142857146
3.05	 10	 37.0940170940171
3.06	 10	 37.11843711843712
3.07	 10	 37.11843711843712
3.08	 10	 36.75213675213675
3.09	 10	 37.142857142857146
3.1	 10	 37.16727716727717
3.11	 10	 37.04517704517705
3.12	 10	 36.75213675213675
3.13	 10	 37.142857142857146
3.14	 10	 37.16727716727717
3.15	 10	 36.99633699633699
3.16	 10	 37.0940170940171
3.17	 10	 37.11843711843712
3.18	 10	 37.11843711843712
3.19	 10	 37.16727716727717
3.2	 10	 37.0940170940171
3.21	 10	 37.020757020757024
3.22	 10	 37.142857142857146
3.23	 10	 37.11843711843712
3.24	 10	 37.11843711843712
3.25	 10	 37.06959706959707
3.26	 10	 37.11843711843712
3.27	 10	 37.11843711843712
3.28	 10	 37.11843711843712
3.29	 10	 37.33821733821734
3.3	 10	 37.04517704517705
3.31	 10	 37.0940170940171
3.32	 10	 37.11843711843712
3.33	 10	 37.0940170940171
3.34	 10	 37.0940170940171
3.35	 10	 36.97191697191697
3.36	 10	 37.0940170940171
3.37	 10	 36.99633699633699
3.38	 10	 37.06959706959707
3.39	 10	 37.0940170940171
3.4	 10	 37.142857142857146
3.41	 10	 37.04517704517705
3.42	 10	 37.11843711843712
3.43	 10	 37.020757020757024
3.44	 10	 37.0940170940171
3.45	 10	 37.04517704517705
3.46	 10	 37.06959706959707
3.47	 10	 37.06959706959707
3.48	 10	 37.11843711843712
3.49	 10	 37.16727716727717
3.5	 10	 36.898656898656895
3.51	 10	 37.16727716727717
3.52	 10	 37.11843711843712
3.53	 10	 37.0940170940171
3.54	 10	 37.21611721611722
3.55	 10	 37.04517704517705
3.56	 10	 37.020757020757024
3.57	 10	 37.020757020757024
3.58	 10	 37.020757020757024
3.59	 10	 36.99633699633699
3.6	 10	 37.04517704517705
3.61	 10	 37.06959706959707
3.62	 10	 37.020757020757024
3.63	 10	 37.11843711843712
3.64	 10	 37.33821733821734
3.65	 10	 36.97191697191697
3.66	 10	 36.99633699633699
3.67	 10	 36.947496947496944
3.68	 10	 36.898656898656895
3.69	 10	 36.97191697191697
3.7	 10	 36.87423687423687
3.71	 10	 37.06959706959707
3.72	 10	 36.87423687423687
3.73	 10	 36.947496947496944
3.74	 10	 36.898656898656895
3.75	 10	 37.313797313797316
3.76	 10	 36.97191697191697
3.77	 10	 36.84981684981685
3.78	 10	 36.947496947496944
3.79	 10	 36.82539682539682
3.8	 10	 36.87423687423687
3.81	 10	 37.020757020757024
3.82	 10	 36.92307692307692
3.83	 10	 36.67887667887668
3.84	 10	 36.87423687423687
3.85	 10	 36.898656898656895
3.86	 10	 36.84981684981685
3.87	 10	 36.99633699633699
3.88	 10	 36.84981684981685
3.89	 10	 36.898656898656895
3.9	 10	 36.898656898656895
3.91	 10	 36.898656898656895
3.92	 10	 36.898656898656895
3.93	 10	 36.776556776556774
3.94	 10	 36.8009768009768
3.95	 10	 36.898656898656895
3.96	 10	 36.82539682539682
3.97	 10	 36.898656898656895
3.98	 10	 36.898656898656895
3.99	 10	 36.727716727716725
4	 10	 36.84981684981685
4.01	 10	 36.8009768009768
4.02	 10	 36.82539682539682
4.03	 10	 36.8009768009768
4.04	 10	 36.87423687423687
4.05	 10	 36.82539682539682
4.06	 10	 36.43467643467643
4.07	 10	 36.7032967032967
4.08	 10	 36.87423687423687
4.09	 10	 36.75213675213675
4.1	 10	 36.75213675213675
4.11	 10	 36.8009768009768
4.12	 10	 36.75213675213675
4.13	 10	 36.898656898656895
4.14	 10	 36.8009768009768
4.15	 10	 36.8009768009768
4.16	 10	 36.92307692307692
4.17	 10	 36.8009768009768
4.18	 10	 36.8009768009768
4.19	 10	 36.63003663003663
4.2	 10	 36.8009768009768
4.21	 10	 36.898656898656895
4.22	 10	 36.8009768009768
4.23	 10	 38.36385836385836
4.24	 10	 36.82539682539682
4.25	 10	 36.75213675213675
4.26	 10	 36.8009768009768
4.27	 10	 36.727716727716725
4.28	 10	 36.776556776556774
4.29	 10	 36.82539682539682
4.3	 10	 36.8009768009768
4.31	 10	 36.8009768009768
4.32	 10	 36.8009768009768
4.33	 10	 36.84981684981685
4.34	 10	 36.87423687423687
4.35	 10	 37.04517704517705
4.36	 10	 36.8009768009768
4.37	 10	 36.87423687423687
4.38	 10	 36.898656898656895
4.39	 10	 36.898656898656895
4.4	 10	 36.82539682539682
4.41	 10	 36.898656898656895
4.42	 10	 36.92307692307692
4.43	 10	 36.84981684981685
4.44	 10	 36.898656898656895
4.45	 10	 36.87423687423687
4.46	 10	 36.898656898656895
4.47	 10	 36.87423687423687
4.48	 10	 36.84981684981685
4.49	 10	 36.898656898656895
4.5	 10	 36.8009768009768
4.51	 10	 36.8009768009768
4.52	 10	 36.41025641025641
4.53	 10	 36.82539682539682
4.54	 10	 36.84981684981685
4.55	 10	 36.82539682539682
4.56	 10	 36.898656898656895
4.57	 10	 37.48473748473749
4.58	 10	 36.8009768009768
4.59	 10	 36.84981684981685
4.6	 10	 36.898656898656895
4.61	 10	 36.898656898656895
4.62	 10	 36.898656898656895
4.63	 10	 36.898656898656895
4.64	 10	 36.84981684981685
4.65	 10	 36.947496947496944
4.66	 10	 36.8009768009768
4.67	 10	 36.8009768009768
4.68	 10	 36.82539682539682
4.69	 10	 36.87423687423687
4.7	 10	 36.898656898656895
4.71	 10	 36.87423687423687
4.72	 10	 36.947496947496944
4.73	 10	 37.06959706959707
4.74	 10	 36.92307692307692
4.75	 10	 36.898656898656895
4.76	 10	 36.8009768009768
4.77	 10	 36.82539682539682
4.78	 10	 36.01953601953602
4.79	 10	 36.84981684981685
4.8	 10	 36.84981684981685
4.81	 10	 36.84981684981685
4.82	 10	 36.87423687423687
4.83	 10	 36.8009768009768
4.84	 10	 36.82539682539682
4.85	 10	 36.31257631257631
4.86	 10	 36.898656898656895
4.87	 10	 36.92307692307692
4.88	 10	 36.84981684981685
4.89	 10	 36.8009768009768
4.9	 10	 36.87423687423687
4.91	 10	 37.11843711843712
4.92	 10	 36.92307692307692
4.93	 10	 36.898656898656895
4.94	 10	 37.16727716727717
4.95	 10	 36.84981684981685
4.96	 10	 36.8009768009768
4.97	 10	 36.898656898656895
4.98	 10	 36.82539682539682
4.99	 10	 36.8009768009768
5	 10	 36.82539682539682
5.01	 10	 36.8009768009768
5.02	 10	 36.84981684981685
5.03	 10	 36.84981684981685
5.04	 10	 36.87423687423687
5.05	 10	 37.191697191697195
5.06	 10	 37.191697191697195
5.07	 10	 36.97191697191697
5.08	 10	 36.8009768009768
5.09	 10	 36.87423687423687
5.1	 10	 36.8009768009768
5.11	 10	 36.84981684981685
5.12	 10	 36.75213675213675
5.13	 10	 36.8009768009768
5.14	 10	 36.8009768009768
5.15	 10	 36.75213675213675
5.16	 10	 36.898656898656895
5.17	 10	 36.84981684981685
5.18	 10	 37.33821733821734
5.19	 10	 36.8009768009768
5.2	 10	 37.020757020757024
5.21	 10	 36.97191697191697
5.22	 10	 36.99633699633699
5.23	 10	 37.50915750915751
5.24	 10	 36.898656898656895
5.25	 10	 36.898656898656895
5.26	 10	 36.99633699633699
5.27	 10	 36.898656898656895
5.28	 10	 40.39072039072039
5.29	 10	 37.06959706959707
5.3	 10	 36.947496947496944
5.31	 10	 36.947496947496944
5.32	 10	 36.99633699633699
5.33	 10	 37.020757020757024
5.34	 10	 37.020757020757024
5.35	 10	 37.191697191697195
5.36	 10	 37.582417582417584
5.37	 10	 37.020757020757024
5.38	 10	 37.0940170940171
5.39	 10	 37.142857142857146
5.4	 10	 37.020757020757024
5.41	 10	 36.75213675213675
5.42	 10	 36.727716727716725
5.43	 10	 37.11843711843712
5.44	 10	 37.191697191697195
5.45	 10	 37.142857142857146
5.46	 10	 37.0940170940171
5.47	 10	 37.0940170940171
5.48	 10	 37.04517704517705
5.49	 10	 37.142857142857146
5.5	 10	 37.06959706959707
5.51	 10	 36.97191697191697
5.52	 10	 37.11843711843712
5.53	 10	 36.99633699633699
5.54	 10	 37.04517704517705
5.55	 10	 37.020757020757024
5.56	 10	 37.06959706959707
5.57	 10	 37.21611721611722
5.58	 10	 37.0940170940171
5.59	 10	 36.99633699633699
5.6	 10	 36.99633699633699
5.61	 10	 36.99633699633699
5.62	 10	 37.06959706959707
5.63	 10	 37.313797313797316
5.64	 10	 37.11843711843712
5.65	 10	 37.06959706959707
5.66	 10	 37.191697191697195
5.67	 10	 37.0940170940171
5.68	 10	 37.142857142857146
5.69	 10	 37.16727716727717
5.7	 10	 37.142857142857146
5.71	 10	 37.142857142857146
5.72	 10	 37.26495726495727
5.73	 10	 37.11843711843712
5.74	 10	 37.11843711843712
5.75	 10	 37.142857142857146
5.76	 10	 37.191697191697195
5.77	 10	 37.21611721611722
5.78	 10	 37.191697191697195
5.79	 10	 37.191697191697195
5.8	 10	 37.191697191697195
5.81	 10	 37.313797313797316
5.82	 10	 37.21611721611722
5.83	 10	 37.26495726495727
5.84	 10	 37.24053724053724
5.85	 10	 37.313797313797316
5.86	 10	 37.26495726495727
5.87	 10	 37.0940170940171
5.88	 10	 37.21611721611722
5.89	 10	 37.0940170940171
5.9	 10	 37.0940170940171
5.91	 10	 37.191697191697195
5.92	 10	 37.142857142857146
5.93	 10	 37.191697191697195
5.94	 10	 36.84981684981685
5.95	 10	 37.16727716727717
5.96	 10	 37.191697191697195
5.97	 10	 37.142857142857146
5.98	 10	 37.11843711843712
5.99	 10	 36.43467643467643
6	 10	 37.191697191697195
6.01	 10	 37.06959706959707
6.02	 10	 37.142857142857146
6.03	 10	 37.16727716727717
6.04	 10	 37.16727716727717
6.05	 10	 37.020757020757024
6.06	 10	 37.04517704517705
6.07	 10	 37.48473748473749
6.08	 10	 37.06959706959707
6.09	 10	 37.191697191697195
6.1	 10	 37.0940170940171
6.11	 10	 37.11843711843712
6.12	 10	 37.11843711843712
6.13	 10	 37.0940170940171
6.14	 10	 37.11843711843712
6.15	 10	 37.16727716727717
6.16	 10	 37.16727716727717
6.17	 10	 37.26495726495727
6.18	 10	 37.11843711843712
6.19	 10	 37.0940170940171
6.2	 10	 37.0940170940171
6.21	 10	 37.06959706959707
6.22	 10	 37.142857142857146
6.23	 10	 37.21611721611722
6.24	 10	 37.04517704517705
6.25	 10	 37.06959706959707
6.26	 10	 37.06959706959707
6.27	 10	 37.142857142857146
6.28	 10	 37.06959706959707
6.29	 10	 37.04517704517705
6.3	 10	 37.020757020757024
6.31	 10	 37.0940170940171
6.32	 10	 37.0940170940171
6.33	 10	 37.020757020757024
6.34	 10	 37.11843711843712
6.35	 10	 37.11843711843712
6.36	 10	 37.0940170940171
6.37	 10	 37.020757020757024
6.38	 10	 36.947496947496944
6.39	 10	 36.898656898656895
6.4	 10	 36.898656898656895
6.41	 10	 36.8009768009768
6.42	 10	 36.82539682539682
6.43	 10	 37.0940170940171
6.44	 10	 36.84981684981685
6.45	 10	 37.020757020757024
6.46	 10	 36.99633699633699
6.47	 10	 36.99633699633699
6.48	 10	 36.99633699633699
6.49	 10	 37.997557997558
6.5	 10	 37.020757020757024
6.51	 10	 37.020757020757024
6.52	 10	 37.06959706959707
6.53	 10	 36.99633699633699
6.54	 10	 37.020757020757024
6.55	 10	 36.87423687423687
6.56	 10	 36.84981684981685
6.57	 10	 36.97191697191697
6.58	 10	 36.84981684981685
6.59	 10	 36.898656898656895
6.6	 10	 36.97191697191697
6.61	 10	 36.99633699633699
6.62	 10	 36.97191697191697
6.63	 10	 36.898656898656895
6.64	 10	 36.99633699633699
6.65	 10	 36.947496947496944
6.66	 10	 37.04517704517705
6.67	 10	 37.21611721611722
6.68	 10	 37.020757020757024
6.69	 10	 36.898656898656895
6.7	 10	 36.947496947496944
6.71	 10	 37.8021978021978
6.72	 10	 36.97191697191697
6.73	 10	 36.947496947496944
6.74	 10	 36.898656898656895
6.75	 10	 36.92307692307692
6.76	 10	 36.776556776556774
6.77	 10	 36.898656898656895
6.78	 10	 36.947496947496944
6.79	 10	 36.99633699633699
6.8	 10	 37.020757020757024
6.81	 10	 36.898656898656895
6.82	 10	 36.99633699633699
6.83	 10	 36.947496947496944
6.84	 10	 36.99633699633699
6.85	 10	 37.142857142857146
6.86	 10	 37.11843711843712
6.87	 10	 37.020757020757024
6.88	 10	 36.99633699633699
6.89	 10	 37.04517704517705
6.9	 10	 37.06959706959707
6.91	 10	 37.11843711843712
6.92	 10	 37.020757020757024
6.93	 10	 37.46031746031746
6.94	 10	 36.99633699633699
6.95	 10	 37.020757020757024
6.96	 10	 37.020757020757024
6.97	 10	 36.947496947496944
6.98	 10	 37.0940170940171
6.99	 10	 36.99633699633699
7	 10	 37.11843711843712
7.01	 10	 37.0940170940171
7.02	 10	 37.0940170940171
7.03	 10	 37.33821733821734
7.04	 10	 37.0940170940171
7.05	 10	 37.04517704517705
7.06	 10	 37.04517704517705
7.07	 10	 36.99633699633699
7.08	 10	 37.924297924297925
7.09	 10	 37.06959706959707
7.1	 10	 36.776556776556774
7.11	 10	 37.04517704517705
7.12	 10	 37.11843711843712
7.13	 10	 37.11843711843712
7.14	 10	 37.191697191697195
7.15	 10	 37.04517704517705
7.16	 10	 36.97191697191697
7.17	 10	 36.97191697191697
7.18	 10	 36.947496947496944
7.19	 10	 36.8009768009768
7.2	 10	 36.97191697191697
7.21	 10	 36.947496947496944
7.22	 10	 36.97191697191697
7.23	 10	 36.99633699633699
7.24	 10	 37.020757020757024
7.25	 10	 36.99633699633699
7.26	 10	 36.898656898656895
7.27	 10	 37.11843711843712
7.28	 10	 37.06959706959707
7.29	 10	 36.92307692307692
7.3	 10	 36.947496947496944
7.31	 10	 37.06959706959707
7.32	 10	 37.11843711843712
7.33	 10	 36.8009768009768
7.34	 10	 37.04517704517705
7.35	 10	 36.99633699633699
7.36	 10	 37.020757020757024
7.37	 10	 37.11843711843712
7.38	 10	 37.0940170940171
7.39	 10	 37.06959706959707
7.4	 10	 36.947496947496944
7.41	 10	 37.020757020757024
7.42	 10	 37.04517704517705
7.43	 10	 37.020757020757024
7.44	 10	 37.142857142857146
7.45	 10	 36.99633699633699
7.46	 10	 37.04517704517705
7.47	 10	 37.020757020757024
7.48	 10	 37.11843711843712
7.49	 10	 37.191697191697195
7.5	 10	 37.11843711843712
7.51	 10	 37.16727716727717
7.52	 10	 37.04517704517705
7.53	 10	 37.191697191697195
7.54	 10	 37.191697191697195
7.55	 10	 37.0940170940171
7.56	 10	 37.24053724053724
7.57	 10	 37.16727716727717
7.58	 10	 37.21611721611722
7.59	 10	 37.191697191697195
7.6	 10	 37.21611721611722
7.61	 10	 37.191697191697195
7.62	 10	 37.191697191697195
7.63	 10	 37.26495726495727
7.64	 10	 37.191697191697195
7.65	 10	 37.26495726495727
7.66	 10	 37.26495726495727
7.67	 10	 37.28937728937729
7.68	 10	 37.24053724053724
7.69	 10	 37.191697191697195
7.7	 10	 37.21611721611722
7.71	 10	 37.313797313797316
7.72	 10	 37.411477411477414
7.73	 10	 37.191697191697195
7.74	 10	 37.191697191697195
7.75	 10	 37.142857142857146
7.76	 10	 37.26495726495727
7.77	 10	 37.191697191697195
7.78	 10	 37.33821733821734
7.79	 10	 37.191697191697195
7.8	 10	 37.313797313797316
7.81	 10	 37.362637362637365
7.82	 10	 37.24053724053724
7.83	 10	 37.24053724053724
7.84	 10	 37.313797313797316
7.85	 10	 37.28937728937729
7.86	 10	 37.191697191697195
7.87	 10	 37.313797313797316
7.88	 10	 37.11843711843712
7.89	 10	 37.26495726495727
7.9	 10	 37.313797313797316
7.91	 10	 37.191697191697195
7.92	 10	 37.313797313797316
7.93	 10	 37.191697191697195
7.94	 10	 36.82539682539682
7.95	 10	 37.26495726495727
7.96	 10	 37.24053724053724
7.97	 10	 37.191697191697195
7.98	 10	 37.24053724053724
7.99	 10	 37.191697191697195
8	 10	 37.21611721611722
8.01	 10	 37.24053724053724
8.02	 10	 37.313797313797316
8.03	 10	 37.191697191697195
8.04	 10	 37.33821733821734
8.05	 10	 37.313797313797316
8.06	 10	 37.33821733821734
8.07	 10	 37.33821733821734
8.08	 10	 37.28937728937729
8.09	 10	 37.28937728937729
8.1	 10	 37.313797313797316
8.11	 10	 37.26495726495727
8.12	 10	 37.33821733821734
8.13	 10	 37.411477411477414
8.14	 10	 37.313797313797316
8.15	 10	 37.26495726495727
8.16	 10	 37.06959706959707
8.17	 10	 37.28937728937729
8.18	 10	 37.313797313797316
8.19	 10	 37.191697191697195
8.2	 10	 37.191697191697195
8.21	 10	 37.28937728937729
8.22	 10	 37.362637362637365
8.23	 10	 37.24053724053724
8.24	 10	 37.191697191697195
8.25	 10	 37.21611721611722
8.26	 10	 37.313797313797316
8.27	 10	 37.28937728937729
8.28	 10	 37.313797313797316
8.29	 10	 37.313797313797316
8.3	 10	 37.191697191697195
8.31	 10	 37.33821733821734
8.32	 10	 37.26495726495727
8.33	 10	 37.28937728937729
8.34	 10	 37.142857142857146
8.35	 10	 37.753357753357754
8.36	 10	 37.313797313797316
8.37	 10	 37.26495726495727
8.38	 10	 37.313797313797316
8.39	 10	 37.313797313797316
8.4	 10	 37.313797313797316
8.41	 10	 37.313797313797316
8.42	 10	 37.26495726495727
8.43	 10	 36.87423687423687
8.44	 10	 37.33821733821734
8.45	 10	 37.16727716727717
8.46	 10	 37.26495726495727
8.47	 10	 37.362637362637365
8.48	 10	 37.191697191697195
8.49	 10	 37.313797313797316
8.5	 10	 37.362637362637365
8.51	 10	 37.33821733821734
8.52	 10	 37.362637362637365
8.53	 10	 37.26495726495727
8.54	 10	 37.97313797313797
8.55	 10	 37.313797313797316
8.56	 10	 37.33821733821734
8.57	 10	 37.191697191697195
8.58	 10	 37.26495726495727
8.59	 10	 37.24053724053724
8.6	 10	 37.33821733821734
8.61	 10	 37.313797313797316
8.62	 10	 37.28937728937729
8.63	 10	 37.33821733821734
8.64	 10	 37.26495726495727
8.65	 10	 37.411477411477414
8.66	 10	 37.33821733821734
8.67	 10	 37.411477411477414
8.68	 10	 37.313797313797316
8.69	 10	 37.43589743589744
8.7	 10	 37.313797313797316
8.71	 10	 37.26495726495727
8.72	 10	 37.68009768009768
8.73	 10	 37.38705738705739
8.74	 10	 37.26495726495727
8.75	 10	 37.68009768009768
8.76	 10	 37.26495726495727
8.77	 10	 37.411477411477414
8.78	 10	 37.24053724053724
8.79	 10	 37.313797313797316
8.8	 10	 37.313797313797316
8.81	 10	 37.28937728937729
8.82	 10	 37.33821733821734
8.83	 10	 37.313797313797316
8.84	 10	 37.313797313797316
8.85	 10	 37.411477411477414
8.86	 10	 37.313797313797316
8.87	 10	 37.65567765567766
8.88	 10	 37.33821733821734
8.89	 10	 37.411477411477414
8.9	 10	 37.313797313797316
8.91	 10	 37.313797313797316
8.92	 10	 37.362637362637365
8.93	 10	 37.313797313797316
8.94	 10	 37.43589743589744
8.95	 10	 37.28937728937729
8.96	 10	 37.33821733821734
8.97	 10	 37.313797313797316
8.98	 10	 37.313797313797316
8.99	 10	 37.191697191697195
9	 10	 37.38705738705739
9.01	 10	 37.28937728937729
9.02	 10	 37.38705738705739
9.03	 10	 37.68009768009768
9.04	 10	 37.38705738705739
9.05	 10	 37.48473748473749
9.06	 10	 37.38705738705739
9.07	 10	 37.362637362637365
9.08	 10	 37.411477411477414
9.09	 10	 37.33821733821734
9.1	 10	 37.191697191697195
9.11	 10	 37.38705738705739
9.12	 10	 37.28937728937729
9.13	 10	 37.411477411477414
9.14	 10	 37.33821733821734
9.15	 10	 37.191697191697195
9.16	 10	 37.313797313797316
9.17	 10	 37.313797313797316
9.18	 10	 37.33821733821734
9.19	 10	 37.411477411477414
9.2	 10	 37.38705738705739
9.21	 10	 37.33821733821734
9.22	 10	 37.313797313797316
9.23	 10	 37.582417582417584
9.24	 10	 37.46031746031746
9.25	 10	 37.411477411477414
9.26	 10	 37.46031746031746
9.27	 10	 37.21611721611722
9.28	 10	 37.38705738705739
9.29	 10	 37.411477411477414
9.3	 10	 37.48473748473749
9.31	 10	 37.411477411477414
9.32	 10	 37.362637362637365
9.33	 10	 37.48473748473749
9.34	 10	 37.38705738705739
9.35	 10	 37.46031746031746
9.36	 10	 37.46031746031746
9.37	 10	 37.411477411477414
9.38	 10	 37.362637362637365
9.39	 10	 37.38705738705739
9.4	 10	 37.46031746031746
9.41	 10	 37.28937728937729
9.42	 10	 37.411477411477414
9.43	 10	 37.38705738705739
9.44	 10	 37.43589743589744
9.45	 10	 36.58119658119658
9.46	 10	 37.46031746031746
9.47	 10	 37.43589743589744
9.48	 10	 37.362637362637365
9.49	 10	 37.55799755799756
9.5	 10	 37.411477411477414
9.51	 10	 37.411477411477414
9.52	 10	 37.38705738705739
9.53	 10	 37.38705738705739
9.54	 10	 37.21611721611722
9.55	 10	 37.411477411477414
9.56	 10	 37.38705738705739
9.57	 10	 37.411477411477414
9.58	 10	 37.38705738705739
9.59	 10	 37.50915750915751
9.6	 10	 37.43589743589744
9.61	 10	 37.48473748473749
9.62	 10	 37.48473748473749
9.63	 10	 37.533577533577535
9.64	 10	 37.55799755799756
9.65	 10	 37.65567765567766
9.66	 10	 37.63125763125763
9.67	 10	 37.60683760683761
9.68	 10	 37.582417582417584
9.69	 10	 37.72893772893773
9.7	 10	 37.704517704517706
9.71	 10	 37.753357753357754
9.72	 10	 37.8021978021978
9.73	 10	 37.77777777777778
9.74	 10	 37.875457875457876
9.75	 10	 37.85103785103785
9.76	 10	 37.875457875457876
9.77	 10	 37.8021978021978
9.78	 10	 37.97313797313797
9.79	 10	 37.875457875457876
9.8	 10	 37.924297924297925
9.81	 10	 37.94871794871795
9.82	 10	 37.97313797313797
9.83	 10	 37.94871794871795
9.84	 10	 37.924297924297925
9.85	 10	 37.97313797313797
9.86	 10	 37.97313797313797
9.87	 10	 37.94871794871795
9.88	 10	 37.21611721611722
9.89	 10	 38.02197802197802
9.9	 10	 38.095238095238095
9.91	 10	 37.997557997558
9.92	 10	 37.97313797313797
9.93	 10	 38.046398046398046
9.94	 10	 37.997557997558
9.95	 10	 37.8998778998779
9.96	 10	 37.8998778998779
9.97	 10	 38.144078144078144
9.98	 10	 37.997557997558
9.99	 10	 38.046398046398046
10	 10	 37.97313797313797
10.01	 10	 37.97313797313797
10.02	 10	 38.02197802197802
10.03	 10	 37.997557997558
10.04	 10	 37.97313797313797
10.05	 10	 38.046398046398046
10.06	 10	 38.046398046398046
10.07	 10	 37.997557997558
10.08	 10	 37.875457875457876
10.09	 10	 37.97313797313797
10.1	 10	 37.94871794871795
10.11	 10	 38.046398046398046
10.12	 10	 37.997557997558
10.13	 10	 37.97313797313797
10.14	 10	 37.997557997558
10.15	 10	 38.046398046398046
10.16	 10	 38.07081807081807
10.17	 10	 38.19291819291819
10.18	 10	 38.29059829059829
10.19	 10	 38.266178266178265
10.2	 10	 38.29059829059829
10.21	 10	 38.21733821733822
10.22	 10	 38.11965811965812
10.23	 10	 37.82661782661783
10.24	 10	 38.29059829059829
10.25	 10	 38.36385836385836
10.26	 10	 38.266178266178265
10.27	 10	 38.33943833943834
10.28	 10	 38.315018315018314
10.29	 10	 38.36385836385836
10.3	 10	 38.38827838827839
10.31	 10	 38.38827838827839
10.32	 10	 38.315018315018314
10.33	 10	 38.315018315018314
10.34	 10	 38.07081807081807
10.35	 10	 38.36385836385836
10.36	 10	 38.38827838827839
10.37	 10	 37.97313797313797
10.38	 10	 38.266178266178265
10.39	 10	 38.46153846153846
10.4	 10	 38.38827838827839
10.41	 10	 38.46153846153846
10.42	 10	 38.41269841269841
10.43	 10	 38.437118437118436
10.44	 10	 38.41269841269841
10.45	 10	 38.46153846153846
10.46	 10	 38.437118437118436
10.47	 10	 38.41269841269841
10.48	 10	 38.41269841269841
10.49	 10	 38.36385836385836
10.5	 10	 38.437118437118436
10.51	 10	 38.36385836385836
10.52	 10	 38.315018315018314
10.53	 10	 38.38827838827839
10.54	 10	 38.33943833943834
10.55	 20	 38.315018315018314
10.56	 20	 38.38827838827839
10.57	 20	 38.29059829059829
10.58	 20	 38.19291819291819
10.59	 20	 38.29059829059829
10.6	 20	 38.266178266178265
10.61	 20	 38.24175824175824
10.62	 20	 38.24175824175824
10.63	 20	 38.21733821733822
10.64	 20	 38.095238095238095
10.65	 20	 38.07081807081807
10.66	 20	 38.11965811965812
10.67	 20	 38.095238095238095
10.68	 20	 37.97313797313797
10.69	 20	 37.97313797313797
10.7	 20	 37.97313797313797
10.71	 20	 37.875457875457876
10.72	 20	 37.875457875457876
10.73	 20	 37.85103785103785
10.74	 20	 37.704517704517706
10.75	 20	 37.97313797313797
10.76	 20	 37.924297924297925
10.77	 20	 37.97313797313797
10.78	 20	 37.997557997558
10.79	 20	 37.875457875457876
10.8	 20	 37.997557997558
10.81	 20	 37.97313797313797
10.82	 20	 37.924297924297925
10.83	 20	 38.02197802197802
10.84	 20	 37.97313797313797
10.85	 20	 38.63247863247863
10.86	 20	 38.046398046398046
10.87	 20	 38.07081807081807
10.88	 20	 37.924297924297925
10.89	 20	 37.997557997558
10.9	 20	 38.046398046398046
10.91	 20	 37.997557997558
10.92	 20	 37.875457875457876
10.93	 20	 38.02197802197802
10.94	 20	 37.924297924297925
10.95	 20	 37.997557997558
10.96	 20	 38.07081807081807
10.97	 20	 37.924297924297925
10.98	 20	 37.97313797313797
10.99	 20	 37.875457875457876
11	 20	 37.97313797313797
11.01	 20	 37.97313797313797
11.02	 20	 38.11965811965812
11.03	 20	 38.144078144078144
11.04	 20	 37.97313797313797
11.05	 20	 37.997557997558
11.06	 20	 38.095238095238095
11.07	 20	 38.07081807081807
11.08	 20	 37.8998778998779
11.09	 20	 37.997557997558
11.1	 20	 38.02197802197802
11.11	 20	 37.16727716727717
11.12	 20	 37.72893772893773
11.13	 20	 38.315018315018314
11.14	 20	 37.997557997558
11.15	 20	 38.144078144078144
11.16	 20	 38.046398046398046
11.17	 20	 37.997557997558
11.18	 20	 38.16849816849817
11.19	 20	 37.94871794871795
11.2	 20	 37.97313797313797
11.21	 20	 38.02197802197802
11.22	 20	 38.16849816849817
11.23	 20	 38.11965811965812
11.24	 20	 37.97313797313797
11.25	 20	 38.095238095238095
11.26	 20	 38.095238095238095
11.27	 20	 38.144078144078144
11.28	 20	 38.095238095238095
11.29	 20	 37.997557997558
11.3	 20	 38.046398046398046
11.31	 20	 37.997557997558
11.32	 20	 38.095238095238095
11.33	 20	 38.02197802197802
11.34	 20	 37.97313797313797
11.35	 20	 38.11965811965812
11.36	 20	 38.21733821733822
11.37	 20	 38.63247863247863
11.38	 20	 39.0964590964591
11.39	 20	 39.975579975579976
11.4	 20	 40.97680097680097
11.41	 20	 42.246642246642246
11.42	 20	 43.56532356532357
11.43	 20	 45.00610500610501
11.44	 20	 46.495726495726494
11.45	 20	 47.83882783882784
11.46	 20	 49.352869352869355
11.47	 20	 50.96459096459096
11.48	 20	 52.356532356532355
11.49	 20	 53.724053724053725
11.5	 20	 55.23809523809524
11.51	 20	 56.23931623931624
11.52	 20	 57.50915750915751
11.53	 20	 58.75457875457875
11.54	 20	 59.682539682539684
11.55	 20	 60.21978021978022
11.56	 20	 61.26984126984127
11.57	 20	 61.904761904761905
11.58	 20	 62.466422466422465
11.59	 20	 63.00366300366301
11.6	 20	 63.58974358974359
11.61	 20	 64.24908424908425
11.62	 20	 64.61538461538461
11.63	 20	 64.85958485958486
11.64	 20	 65.15262515262515
11.65	 20	 65.32356532356532
11.66	 20	 65.56776556776556
11.67	 20	 65.66544566544566
11.68	 20	 65.93406593406593
11.69	 20	 65.95848595848595
11.7	 20	 66.10500610500611
11.71	 20	 66.27594627594628
11.72	 20	 66.3980463980464
11.73	 20	 66.5934065934066
11.74	 20	 66.81318681318682
11.75	 20	 67.03296703296704
11.76	 20	 67.37484737484738
11.77	 20	 67.66788766788767
11.78	 20	 67.88766788766789
11.79	 20	 68.25396825396825
11.8	 20	 68.57142857142857
11.81	 20	 68.81562881562881
11.82	 20	 69.08424908424908
11.83	 20	 69.59706959706959
11.84	 20	 69.71916971916971
11.85	 20	 70.10989010989012
11.86	 20	 70.30525030525031
11.87	 20	 70.5006105006105
11.88	 20	 69.54822954822954
11.89	 20	 70.91575091575092
11.9	 20	 71.11111111111111
11.91	 20	 71.25763125763126
11.92	 20	 71.33089133089133
11.93	 20	 71.4041514041514
11.94	 20	 71.47741147741148
11.95	 20	 71.42857142857143
11.96	 20	 71.91697191697192
11.97	 20	 71.72161172161172
11.98	 20	 71.94139194139194
11.99	 20	 71.81929181929182
12	 20	 72.16117216117216
12.01	 20	 71.96581196581197
12.02	 20	 72.01465201465201
12.03	 20	 72.16117216117216
12.04	 20	 72.16117216117216
12.05	 20	 72.11233211233211
12.06	 20	 72.25885225885226
12.07	 20	 72.16117216117216
12.08	 20	 72.28327228327228
12.09	 20	 72.28327228327228
12.1	 20	 71.86813186813187
12.11	 20	 72.28327228327228
12.12	 20	 71.96581196581197
12.13	 20	 72.11233211233211
12.14	 20	 72.23443223443223
12.15	 20	 72.25885225885226
12.16	 20	 72.28327228327228
12.17	 20	 72.35653235653236
12.18	 20	 72.28327228327228
12.19	 20	 72.3076923076923
12.2	 20	 72.33211233211233
12.21	 20	 72.3076923076923
12.22	 20	 72.33211233211233
12.23	 20	 72.33211233211233
12.24	 20	 72.28327228327228
12.25	 20	 72.52747252747253
12.26	 20	 72.06349206349206
12.27	 20	 72.03907203907204
12.28	 20	 71.96581196581197
12.29	 20	 71.86813186813187
12.3	 20	 71.74603174603175
12.31	 20	 71.57509157509158
12.32	 20	 71.5018315018315
12.33	 20	 71.28205128205128
12.34	 20	 71.11111111111111
12.35	 20	 71.03785103785104
12.36	 20	 71.01343101343102
12.37	 20	 70.98901098901099
12.38	 20	 70.84249084249085
12.39	 20	 70.94017094017094
12.4	 20	 71.06227106227107
12.41	 20	 70.72039072039072
12.42	 20	 70.67155067155068
12.43	 20	 70.6959706959707
12.44	 20	 70.54945054945055
12.45	 20	 70.5006105006105
12.46	 20	 70.62271062271063
12.47	 20	 70.40293040293041
12.48	 20	 70.5006105006105
12.49	 20	 70.5006105006105
12.5	 20	 70.5006105006105
12.51	 20	 70.57387057387058
12.52	 20	 70.5006105006105
12.53	 20	 70.45177045177046
12.54	 20	 70.5982905982906
12.55	 20	 70.5006105006105
12.56	 20	 70.42735042735043
12.57	 20	 70.42735042735043
12.58	 20	 70.42735042735043
12.59	 20	 70.28083028083029
12.6	 20	 70.30525030525031
12.61	 20	 70.35409035409036
12.62	 20	 70.30525030525031
12.63	 20	 70.30525030525031
12.64	 20	 70.20757020757021
12.65	 20	 70.01221001221002
12.66	 20	 70.03663003663004
12.67	 20	 69.81684981684981
12.68	 20	 68.93772893772893
12.69	 20	 69.69474969474969
12.7	 20	 69.18192918192918
12.71	 20	 69.59706959706959
12.72	 20	 69.47496947496947
12.73	 20	 69.4993894993895
12.74	 20	 69.45054945054945
12.75	 20	 69.37728937728937
12.76	 20	 69.35286935286935
12.77	 20	 69.25518925518925
12.78	 20	 69.23076923076923
12.79	 20	 69.25518925518925
12.8	 20	 69.35286935286935
12.81	 20	 69.15750915750915
12.82	 20	 69.15750915750915
12.83	 20	 69.13308913308913
12.84	 20	 69.05982905982906
12.85	 20	 69.03540903540903
12.86	 20	 69.03540903540903
12.87	 20	 69.13308913308913
12.88	 20	 69.13308913308913
12.89	 20	 69.05982905982906
12.9	 20	 69.05982905982906
12.91	 20	 69.01098901098901
12.92	 20	 69.03540903540903
12.93	 20	 69.08424908424908
12.94	 20	 68.93772893772893
12.95	 20	 69.05982905982906
12.96	 20	 69.03540903540903
12.97	 20	 69.05982905982906
12.98	 20	 68.98656898656898
12.99	 20	 68.93772893772893
13	 20	 68.93772893772893
13.01	 20	 69.03540903540903
13.02	 20	 68.91330891330891
13.03	 20	 68.96214896214896
13.04	 20	 68.98656898656898
13.05	 20	 68.42490842490842
13.06	 20	 68.96214896214896
13.07	 20	 69.1086691086691
13.08	 20	 68.79120879120879
13.09	 20	 68.74236874236874
13.1	 20	 68.66910866910867
13.11	 20	 68.74236874236874
13.12	 20	 68.74236874236874
13.13	 20	 68.64468864468864
13.14	 20	 68.62026862026862
13.15	 20	 68.66910866910867
13.16	 20	 68.5958485958486
13.17	 20	 68.44932844932845
13.18	 20	 68.57142857142857
13.19	 20	 68.35164835164835
13.2	 20	 68.4004884004884
13.21	 20	 68.44932844932845
13.22	 20	 68.44932844932845
13.23	 20	 68.4004884004884
13.24	 20	 68.42490842490842
13.25	 20	 68.47374847374847
13.26	 20	 68.4004884004884
13.27	 20	 68.4981684981685
13.28	 20	 68.08302808302808
13.29	 20	 68.42490842490842
13.3	 20	 68.37606837606837
13.31	 20	 68.37606837606837
13.32	 20	 68.44932844932845
13.33	 20	 68.3028083028083
13.34	 20	 67.22832722832723
13.35	 20	 68.35164835164835
13.36	 20	 68.37606837606837
13.37	 20	 68.25396825396825
13.38	 20	 68.71794871794872
13.39	 20	 68.2051282051282
13.4	 20	 68.25396825396825
13.41	 20	 68.37606837606837
13.42	 20	 68.15628815628816
13.43	 20	 68.32722832722833
13.44	 20	 68.25396825396825
13.45	 20	 68.27838827838828
13.46	 20	 68.27838827838828
13.47	 20	 68.25396825396825
13.48	 20	 68.27838827838828
13.49	 20	 68.27838827838828
13.5	 20	 68.27838827838828
13.51	 20	 68.15628815628816
13.52	 20	 68.05860805860806
13.53	 20	 68.13186813186813
13.54	 20	 68.13186813186813
13.55	 20	 68.05860805860806
13.56	 20	 68.15628815628816
13.57	 20	 68.05860805860806
13.58	 20	 68.03418803418803
13.59	 20	 68.13186813186813
13.6	 20	 67.88766788766789
13.61	 20	 68.03418803418803
13.62	 20	 67.98534798534799
13.63	 20	 67.88766788766789
13.64	 20	 68.22954822954823
13.65	 20	 68.00976800976801
13.66	 20	 68.00976800976801
13.67	 20	 68.32722832722833
13.68	 20	 67.98534798534799
13.69	 20	 67.98534798534799
13.7	 20	 68.00976800976801
13.71	 20	 67.98534798534799
13.72	 20	 67.98534798534799
13.73	 20	 67.98534798534799
13.74	 20	 67.88766788766789
13.75	 20	 67.98534798534799
13.76	 20	 68.08302808302808
13.77	 20	 67.93650793650794
13.78	 20	 68.22954822954823
13.79	 20	 67.88766788766789
13.8	 20	 67.91208791208791
13.81	 20	 68.03418803418803
13.82	 20	 68.13186813186813
13.83	 20	 67.88766788766789
13.84	 20	 67.91208791208791
13.85	 20	 67.98534798534799
13.86	 20	 67.98534798534799
13.87	 20	 68.00976800976801
13.88	 20	 67.96092796092796
13.89	 20	 67.98534798534799
13.9	 20	 67.98534798534799
13.91	 20	 68.08302808302808
13.92	 20	 67.93650793650794
13.93	 20	 67.93650793650794
13.94	 20	 67.61904761904762
13.95	 20	 67.93650793650794
13.96	 20	 67.98534798534799
13.97	 20	 68.03418803418803
13.98	 20	 67.98534798534799
13.99	 20	 67.86324786324786
14	 20	 67.98534798534799
14.01	 20	 67.93650793650794
14.02	 20	 67.98534798534799
14.03	 20	 67.96092796092796
14.04	 20	 67.86324786324786
14.05	 20	 67.86324786324786
14.06	 20	 68.03418803418803
14.07	 20	 67.96092796092796
14.08	 20	 67.93650793650794
14.09	 20	 67.88766788766789
14.1	 20	 67.98534798534799
14.11	 20	 67.96092796092796
14.12	 20	 68.37606837606837
14.13	 20	 67.91208791208791
14.14	 20	 67.91208791208791
14.15	 20	 68.4004884004884
14.16	 20	 67.88766788766789
14.17	 20	 67.98534798534799
14.18	 20	 67.98534798534799
14.19	 20	 68.03418803418803
14.2	 20	 67.98534798534799
14.21	 20	 67.96092796092796
14.22	 20	 67.98534798534799
14.23	 20	 67.98534798534799
14.24	 20	 68.05860805860806
14.25	 20	 67.98534798534799
14.26	 20	 67.88766788766789
14.27	 20	 67.81440781440782
14.28	 20	 67.91208791208791
14.29	 20	 67.88766788766789
14.3	 20	 67.88766788766789
14.31	 20	 67.98534798534799
14.32	 20	 67.98534798534799
14.33	 20	 67.93650793650794
14.34	 20	 67.78998778998779
14.35	 20	 67.91208791208791
14.36	 20	 67.93650793650794
14.37	 20	 67.98534798534799
14.38	 20	 67.98534798534799
14.39	 20	 67.83882783882784
14.4	 20	 67.74114774114774
14.41	 20	 67.81440781440782
14.42	 20	 67.83882783882784
14.43	 20	 67.88766788766789
14.44	 20	 67.86324786324786
14.45	 20	 67.78998778998779
14.46	 20	 67.83882783882784
14.47	 20	 67.86324786324786
14.48	 20	 67.81440781440782
14.49	 20	 67.83882783882784
14.5	 20	 67.66788766788767
14.51	 20	 67.81440781440782
14.52	 20	 67.78998778998779
14.53	 20	 67.98534798534799
14.54	 20	 67.74114774114774
14.55	 20	 67.81440781440782
14.56	 20	 67.71672771672772
14.57	 20	 67.78998778998779
14.58	 20	 67.66788766788767
14.59	 20	 67.88766788766789
14.6	 20	 67.83882783882784
14.61	 20	 67.78998778998779
14.62	 20	 67.83882783882784
14.63	 20	 67.78998778998779
14.64	 20	 67.78998778998779
14.65	 20	 67.6923076923077
14.66	 20	 67.98534798534799
14.67	 20	 67.78998778998779
14.68	 20	 67.78998778998779
14.69	 20	 67.81440781440782
14.7	 20	 67.78998778998779
14.71	 20	 67.78998778998779
14.72	 20	 67.44810744810745
14.73	 20	 67.66788766788767
14.74	 20	 67.6923076923077
14.75	 20	 67.6923076923077
14.76	 20	 67.71672771672772
14.77	 20	 67.66788766788767
14.78	 20	 67.66788766788767
14.79	 20	 67.91208791208791
14.8	 20	 67.6923076923077
14.81	 20	 67.57020757020757
14.82	 20	 68.47374847374847
14.83	 20	 67.74114774114774
14.84	 20	 67.64346764346764
14.85	 20	 67.66788766788767
14.86	 20	 67.57020757020757
14.87	 20	 67.61904761904762
14.88	 20	 67.57020757020757
14.89	 20	 67.5946275946276
14.9	 20	 67.61904761904762
14.91	 20	 67.61904761904762
14.92	 20	 67.47252747252747
14.93	 20	 67.61904761904762
14.94	 20	 67.52136752136752
14.95	 20	 67.54578754578755
14.96	 20	 67.57020757020757
14.97	 20	 67.57020757020757
14.98	 20	 67.54578754578755
14.99	 20	 67.52136752136752
15	 20	 67.57020757020757
15.01	 20	 67.66788766788767
15.02	 20	 67.64346764346764
15.03	 20	 67.5946275946276
15.04	 20	 67.71672771672772
15.05	 20	 67.66788766788767
15.06	 20	 67.57020757020757
15.07	 20	 67.52136752136752
15.08	 20	 67.57020757020757
15.09	 20	 67.76556776556777
15.1	 20	 67.10622710622711
15.11	 20	 67.64346764346764
15.12	 20	 67.6923076923077
15.13	 20	 67.54578754578755
15.14	 20	 67.4969474969475
15.15	 20	 67.57020757020757
15.16	 20	 67.57020757020757
15.17	 20	 67.52136752136752
15.18	 20	 67.57020757020757
15.19	 20	 67.54578754578755
15.2	 20	 67.5946275946276
15.21	 20	 67.44810744810745
15.22	 20	 67.57020757020757
15.23	 20	 67.54578754578755
15.24	 20	 68.03418803418803
15.25	 20	 67.3992673992674
15.26	 20	 67.52136752136752
15.27	 20	 67.57020757020757
15.28	 20	 67.54578754578755
15.29	 20	 67.5946275946276
15.3	 20	 67.4969474969475
15.31	 20	 67.5946275946276
15.32	 20	 67.47252747252747
15.33	 20	 67.52136752136752
15.34	 20	 67.54578754578755
15.35	 20	 67.4969474969475
15.36	 20	 67.57020757020757
15.37	 20	 67.4969474969475
15.38	 20	 67.47252747252747
15.39	 20	 67.52136752136752
15.4	 20	 67.47252747252747
15.41	 20	 67.52136752136752
15.42	 20	 67.5946275946276
15.43	 20	 67.57020757020757
15.44	 20	 67.42368742368743
15.45	 20	 67.54578754578755
15.46	 20	 67.54578754578755
15.47	 20	 67.57020757020757
15.48	 20	 67.4969474969475
15.49	 20	 67.52136752136752
15.5	 20	 70.30525030525031
15.51	 20	 67.57020757020757
15.52	 20	 67.3992673992674
15.53	 20	 67.35042735042735
15.54	 20	 67.44810744810745
15.55	 20	 67.4969474969475
15.56	 20	 67.37484737484738
15.57	 20	 67.54578754578755
15.58	 20	 67.52136752136752
15.59	 20	 67.42368742368743
15.6	 20	 67.4969474969475
15.61	 20	 67.52136752136752
15.62	 20	 67.54578754578755
15.63	 20	 67.42368742368743
15.64	 20	 67.42368742368743
15.65	 20	 67.37484737484738
15.66	 20	 67.42368742368743
15.67	 20	 67.52136752136752
15.68	 20	 67.47252747252747
15.69	 20	 67.52136752136752
15.7	 20	 67.54578754578755
15.71	 20	 68.2051282051282
15.72	 20	 67.54578754578755
15.73	 20	 67.57020757020757
15.74	 20	 67.6923076923077
15.75	 20	 67.57020757020757
15.76	 20	 67.66788766788767
15.77	 20	 67.57020757020757
15.78	 20	 67.5946275946276
15.79	 20	 67.64346764346764
15.8	 20	 67.61904761904762
15.81	 20	 67.98534798534799
15.82	 20	 67.52136752136752
15.83	 20	 67.57020757020757
15.84	 20	 67.57020757020757
15.85	 20	 67.57020757020757
15.86	 20	 67.66788766788767
15.87	 20	 67.98534798534799
15.88	 20	 67.52136752136752
15.89	 20	 67.54578754578755
15.9	 20	 67.54578754578755
15.91	 20	 67.52136752136752
15.92	 20	 67.52136752136752
15.93	 20	 67.57020757020757
15.94	 20	 67.4969474969475
15.95	 20	 67.57020757020757
15.96	 20	 67.54578754578755
15.97	 20	 67.66788766788767
15.98	 20	 67.47252747252747
15.99	 20	 67.4969474969475
16	 20	 67.78998778998779
16.01	 20	 67.5946275946276
16.02	 20	 67.57020757020757
16.03	 20	 67.6923076923077
16.04	 20	 67.52136752136752
16.05	 20	 67.61904761904762
16.06	 20	 67.57020757020757
16.07	 20	 67.98534798534799
16.08	 20	 67.54578754578755
16.09	 20	 67.47252747252747
16.1	 20	 67.52136752136752
16.11	 20	 67.42368742368743
16.12	 20	 67.3992673992674
16.13	 20	 67.47252747252747
16.14	 20	 67.52136752136752
16.15	 20	 67.54578754578755
16.16	 20	 67.47252747252747
16.17	 20	 67.4969474969475
16.18	 20	 67.54578754578755
16.19	 20	 67.54578754578755
16.2	 20	 67.47252747252747
16.21	 20	 67.35042735042735
16.22	 20	 67.4969474969475
16.23	 20	 67.54578754578755
16.24	 20	 67.47252747252747
16.25	 20	 67.4969474969475
16.26	 20	 67.57020757020757
16.27	 20	 67.57020757020757
16.28	 20	 67.54578754578755
16.29	 20	 67.4969474969475
16.3	 20	 67.4969474969475
16.31	 20	 67.3015873015873
16.32	 20	 67.4969474969475
16.33	 20	 67.5946275946276
16.34	 20	 67.47252747252747
16.35	 20	 67.57020757020757
16.36	 20	 67.76556776556777
16.37	 20	 67.54578754578755
16.38	 20	 67.5946275946276
16.39	 20	 67.5946275946276
16.4	 20	 67.57020757020757
16.41	 20	 67.54578754578755
16.42	 20	 67.52136752136752
16.43	 20	 67.5946275946276
16.44	 20	 67.47252747252747
16.45	 20	 67.52136752136752
16.46	 20	 67.54578754578755
16.47	 20	 67.54578754578755
16.48	 20	 67.57020757020757
16.49	 20	 67.5946275946276
16.5	 20	 67.57020757020757
16.51	 20	 67.44810744810745
16.52	 20	 67.64346764346764
16.53	 20	 67.52136752136752
16.54	 20	 67.57020757020757
16.55	 20	 67.47252747252747
16.56	 20	 67.5946275946276
16.57	 20	 67.6923076923077
16.58	 20	 67.64346764346764
16.59	 20	 67.66788766788767
16.6	 20	 67.6923076923077
16.61	 20	 67.74114774114774
16.62	 20	 67.57020757020757
16.63	 20	 67.66788766788767
16.64	 20	 67.78998778998779
16.65	 20	 67.74114774114774
16.66	 20	 67.66788766788767
16.67	 20	 67.91208791208791
16.68	 20	 67.83882783882784
16.69	 20	 67.76556776556777
16.7	 20	 67.47252747252747
16.71	 20	 67.76556776556777
16.72	 20	 67.78998778998779
16.73	 20	 67.74114774114774
16.74	 20	 67.6923076923077
16.75	 20	 67.78998778998779
16.76	 20	 67.76556776556777
16.77	 20	 67.86324786324786
16.78	 20	 68.27838827838828
16.79	 20	 67.66788766788767
16.8	 20	 67.71672771672772
16.81	 20	 67.88766788766789
16.82	 20	 67.83882783882784
16.83	 20	 67.81440781440782
16.84	 20	 67.78998778998779
16.85	 20	 67.66788766788767
16.86	 20	 67.81440781440782
16.87	 20	 67.76556776556777
16.88	 20	 67.78998778998779
16.89	 20	 67.83882783882784
16.9	 20	 67.78998778998779
16.91	 20	 67.6923076923077
16.92	 20	 67.81440781440782
16.93	 20	 67.71672771672772
16.94	 20	 67.66788766788767
16.95	 20	 67.71672771672772
16.96	 20	 67.86324786324786
16.97	 20	 67.81440781440782
16.98	 20	 67.6923076923077
16.99	 20	 67.78998778998779
17	 20	 67.66788766788767
17.01	 20	 67.98534798534799
17.02	 20	 67.81440781440782
17.03	 20	 68.05860805860806
17.04	 20	 67.88766788766789
17.05	 20	 67.78998778998779
17.06	 20	 67.88766788766789
17.07	 20	 67.93650793650794
17.08	 20	 68.62026862026862
17.09	 20	 67.71672771672772
17.1	 20	 67.81440781440782
17.11	 20	 67.78998778998779
17.12	 20	 68.25396825396825
17.13	 20	 67.98534798534799
17.14	 20	 68.15628815628816
17.15	 20	 67.86324786324786
17.16	 20	 67.83882783882784
17.17	 20	 67.86324786324786
17.18	 20	 67.88766788766789
17.19	 20	 68.00976800976801
17.2	 20	 67.96092796092796
17.21	 20	 67.81440781440782
17.22	 20	 67.98534798534799
17.23	 20	 67.98534798534799
17.24	 20	 67.91208791208791
17.25	 20	 68.03418803418803
17.26	 20	 67.98534798534799
17.27	 20	 68.1074481074481
17.28	 20	 67.98534798534799
17.29	 20	 68.00976800976801
17.3	 20	 67.98534798534799
17.31	 20	 68.00976800976801
17.32	 20	 67.98534798534799
17.33	 20	 68.03418803418803
17.34	 20	 68.03418803418803
17.35	 20	 67.93650793650794
17.36	 20	 67.86324786324786
17.37	 20	 67.88766788766789
17.38	 20	 68.00976800976801
17.39	 20	 67.83882783882784
17.4	 20	 68.03418803418803
17.41	 20	 67.4969474969475
17.42	 20	 67.98534798534799
17.43	 20	 67.83882783882784
17.44	 20	 67.91208791208791
17.45	 20	 67.91208791208791
17.46	 20	 67.88766788766789
17.47	 20	 67.83882783882784
17.48	 20	 67.5946275946276
17.49	 20	 67.98534798534799
17.5	 20	 67.86324786324786
17.51	 20	 67.93650793650794
17.52	 20	 67.86324786324786
17.53	 20	 68.1074481074481
17.54	 20	 67.88766788766789
17.55	 20	 67.88766788766789
17.56	 20	 67.81440781440782
17.57	 20	 67.83882783882784
17.58	 20	 67.83882783882784
17.59	 20	 68.03418803418803
17.6	 20	 67.93650793650794
17.61	 20	 67.78998778998779
17.62	 20	 67.83882783882784
17.63	 20	 67.96092796092796
17.64	 20	 67.88766788766789
17.65	 20	 67.81440781440782
17.66	 20	 67.5946275946276
17.67	 20	 67.86324786324786
17.68	 20	 67.81440781440782
17.69	 20	 67.98534798534799
17.7	 20	 67.96092796092796
17.71	 20	 67.86324786324786
17.72	 20	 67.86324786324786
17.73	 20	 67.86324786324786
17.74	 20	 67.57020757020757
17.75	 20	 68.05860805860806
17.76	 20	 67.93650793650794
17.77	 20	 67.78998778998779
17.78	 20	 67.91208791208791
17.79	 20	 68.05860805860806
17.8	 20	 67.86324786324786
17.81	 20	 67.88766788766789
17.82	 20	 67.91208791208791
17.83	 20	 67.88766788766789
17.84	 20	 67.86324786324786
17.85	 20	 67.86324786324786
17.86	 20	 67.91208791208791
17.87	 20	 67.86324786324786
17.88	 20	 67.98534798534799
17.89	 20	 67.83882783882784
17.9	 20	 67.83882783882784
17.91	 20	 67.93650793650794
17.92	 20	 67.91208791208791
17.93	 20	 67.78998778998779
17.94	 20	 67.88766788766789
17.95	 20	 67.98534798534799
17.96	 20	 67.81440781440782
17.97	 20	 67.96092796092796
17.98	 20	 67.81440781440782
17.99	 20	 67.88766788766789
18	 20	 67.91208791208791
18.01	 20	 67.88766788766789
18.02	 20	 67.98534798534799
18.03	 20	 68.00976800976801
18.04	 20	 68.00976800976801
18.05	 20	 68.05860805860806
18.06	 20	 68.05860805860806
18.07	 20	 68.13186813186813
18.08	 20	 68.00976800976801
18.09	 20	 68.03418803418803
18.1	 20	 67.91208791208791
18.11	 20	 67.98534798534799
18.12	 20	 67.98534798534799
18.13	 20	 67.98534798534799
18.14	 20	 67.98534798534799
18.15	 20	 68.05860805860806
18.16	 20	 68.03418803418803
18.17	 20	 67.98534798534799
18.18	 20	 68.00976800976801
18.19	 20	 68.05860805860806
18.2	 20	 67.78998778998779
18.21	 20	 67.98534798534799
18.22	 20	 67.98534798534799
18.23	 20	 67.57020757020757
18.24	 20	 67.98534798534799
18.25	 20	 68.25396825396825
18.26	 20	 67.98534798534799
18.27	 20	 67.98534798534799
18.28	 20	 68.00976800976801
18.29	 20	 68.00976800976801
18.3	 20	 68.00976800976801
18.31	 20	 67.98534798534799
18.32	 20	 67.98534798534799
18.33	 20	 67.98534798534799
18.34	 20	 68.03418803418803
18.35	 20	 68.05860805860806
18.36	 20	 67.96092796092796
18.37	 20	 67.96092796092796
18.38	 20	 67.76556776556777
18.39	 20	 67.96092796092796
18.4	 20	 67.98534798534799
18.41	 20	 67.98534798534799
18.42	 20	 68.42490842490842
18.43	 20	 67.81440781440782
18.44	 20	 68.03418803418803
18.45	 20	 67.88766788766789
18.46	 20	 68.00976800976801
18.47	 20	 67.66788766788767
18.48	 20	 67.88766788766789
18.49	 20	 68.05860805860806
18.5	 20	 68.00976800976801
18.51	 20	 67.96092796092796
18.52	 20	 68.00976800976801
18.53	 20	 68.15628815628816
18.54	 20	 68.05860805860806
18.55	 20	 68.00976800976801
18.56	 20	 68.08302808302808
18.57	 20	 68.03418803418803
18.58	 20	 68.15628815628816
18.59	 20	 68.08302808302808
18.6	 20	 68.15628815628816
18.61	 20	 68.08302808302808
18.62	 20	 68.00976800976801
18.63	 20	 68.13186813186813
18.64	 20	 68.1074481074481
18.65	 20	 68.05860805860806
18.66	 20	 68.08302808302808
18.67	 20	 68.00976800976801
18.68	 20	 67.98534798534799
18.69	 20	 68.03418803418803
18.7	 20	 68.13186813186813
18.71	 20	 68.00976800976801
18.72	 20	 68.13186813186813
18.73	 20	 68.08302808302808
18.74	 20	 67.98534798534799
18.75	 20	 68.00976800976801
18.76	 20	 67.98534798534799
18.77	 20	 67.91208791208791
18.78	 20	 67.98534798534799
18.79	 20	 68.03418803418803
18.8	 20	 67.81440781440782
18.81	 20	 67.98534798534799
18.82	 20	 68.00976800976801
18.83	 20	 68.03418803418803
18.84	 20	 67.98534798534799
18.85	 20	 67.78998778998779
18.86	 20	 67.96092796092796
18.87	 20	 67.83882783882784
18.88	 20	 67.93650793650794
18.89	 20	 67.52136752136752
18.9	 20	 67.88766788766789
18.91	 20	 67.91208791208791
18.92	 20	 67.86324786324786
18.93	 20	 67.88766788766789
18.94	 20	 67.88766788766789
18.95	 20	 67.88766788766789
18.96	 20	 67.88766788766789
18.97	 20	 67.93650793650794
18.98	 20	 67.93650793650794
18.99	 20	 67.88766788766789
19	 20	 67.98534798534799
19.01	 20	 67.98534798534799
19.02	 20	 67.86324786324786
19.03	 20	 67.93650793650794
19.04	 20	 67.91208791208791
19.05	 20	 67.98534798534799
19.06	 20	 67.88766788766789
19.07	 20	 67.96092796092796
19.08	 20	 67.86324786324786
19.09	 20	 67.91208791208791
19.1	 20	 67.98534798534799
19.11	 20	 67.88766788766789
19.12	 20	 67.91208791208791
19.13	 20	 67.91208791208791
19.14	 20	 68.00976800976801
19.15	 20	 67.98534798534799
19.16	 20	 67.78998778998779
19.17	 20	 67.98534798534799
19.18	 20	 68.00976800976801
19.19	 20	 68.37606837606837
19.2	 20	 67.91208791208791
19.21	 20	 67.98534798534799
19.22	 20	 68.32722832722833
19.23	 20	 67.98534798534799
19.24	 20	 67.91208791208791
19.25	 20	 68.00976800976801
19.26	 20	 67.86324786324786
19.27	 20	 68.05860805860806
19.28	 20	 67.81440781440782
19.29	 20	 67.98534798534799
19.3	 20	 67.88766788766789
19.31	 20	 67.88766788766789
19.32	 20	 67.78998778998779
19.33	 20	 67.88766788766789
19.34	 20	 67.86324786324786
19.35	 20	 67.78998778998779
19.36	 20	 67.86324786324786
19.37	 20	 67.88766788766789
19.38	 20	 67.83882783882784
19.39	 20	 67.78998778998779
19.4	 20	 67.5946275946276
19.41	 20	 67.86324786324786
19.42	 20	 67.83882783882784
19.43	 20	 67.44810744810745
19.44	 20	 67.78998778998779
19.45	 20	 67.81440781440782
19.46	 20	 67.74114774114774
19.47	 20	 67.86324786324786
19.48	 20	 67.78998778998779
19.49	 20	 67.83882783882784
19.5	 20	 67.74114774114774
19.51	 20	 67.71672771672772
19.52	 20	 67.71672771672772
19.53	 20	 67.78998778998779
19.54	 20	 67.61904761904762
19.55	 20	 67.81440781440782
19.56	 20	 67.88766788766789
19.57	 20	 68.1074481074481
19.58	 20	 67.96092796092796
19.59	 20	 67.78998778998779
19.6	 20	 67.78998778998779
19.61	 20	 67.78998778998779
19.62	 20	 67.81440781440782
19.63	 20	 67.66788766788767
19.64	 20	 68.00976800976801
19.65	 20	 67.66788766788767
19.66	 20	 67.52136752136752
19.67	 20	 67.78998778998779
19.68	 20	 67.83882783882784
19.69	 20	 67.83882783882784
19.7	 20	 67.74114774114774
19.71	 20	 67.81440781440782
19.72	 20	 67.76556776556777
19.73	 20	 67.81440781440782
19.74	 20	 67.88766788766789
19.75	 20	 69.15750915750915
19.76	 20	 67.64346764346764
19.77	 20	 67.74114774114774
19.78	 20	 67.83882783882784
19.79	 20	 67.78998778998779
19.8	 20	 68.1074481074481
19.81	 20	 67.66788766788767
19.82	 20	 67.78998778998779
19.83	 20	 67.88766788766789
19.84	 20	 67.83882783882784
19.85	 20	 67.76556776556777
19.86	 20	 67.78998778998779
19.87	 20	 67.78998778998779
19.88	 20	 67.83882783882784
19.89	 20	 67.78998778998779
19.9	 20	 67.81440781440782
19.91	 20	 67.78998778998779
19.92	 20	 67.86324786324786
19.93	 20	 67.86324786324786
19.94	 20	 67.74114774114774
19.95	 20	 67.83882783882784
19.96	 20	 67.81440781440782
19.97	 20	 67.88766788766789
19.98	 20	 67.86324786324786
19.99	 20	 67.5946275946276
20	 20	 67.71672771672772
20.01	 20	 68.03418803418803
20.02	 20	 67.98534798534799
20.03	 20	 68.00976800976801
20.04	 20	 67.98534798534799
20.05	 20	 68.00976800976801
20.06	 20	 68.5958485958486
20.07	 20	 67.88766788766789
20.08	 20	 67.81440781440782
20.09	 20	 67.91208791208791
20.1	 20	 67.98534798534799
20.11	 20	 67.96092796092796
20.12	 20	 67.91208791208791
20.13	 20	 67.83882783882784
20.14	 20	 67.98534798534799
20.15	 20	 68.03418803418803
20.16	 20	 69.32844932844932
20.17	 20	 68.03418803418803
20.18	 20	 68.05860805860806
20.19	 20	 68.00976800976801
20.2	 20	 67.98534798534799
20.21	 20	 67.91208791208791
20.22	 20	 68.05860805860806
20.23	 20	 68.00976800976801
20.24	 20	 68.03418803418803
20.25	 20	 68.00976800976801
20.26	 20	 67.93650793650794
20.27	 20	 68.03418803418803
20.28	 20	 67.98534798534799
20.29	 20	 67.93650793650794
20.3	 20	 67.98534798534799
20.31	 20	 67.86324786324786
20.32	 20	 68.13186813186813
20.33	 20	 67.98534798534799
20.34	 20	 67.93650793650794
20.35	 20	 67.98534798534799
20.36	 20	 67.98534798534799
20.37	 20	 67.91208791208791
20.38	 20	 68.00976800976801
20.39	 20	 67.98534798534799
20.4	 20	 67.88766788766789
20.41	 20	 67.98534798534799
20.42	 20	 67.98534798534799
20.43	 20	 68.08302808302808
20.44	 20	 67.98534798534799
20.45	 20	 67.83882783882784
20.46	 20	 67.98534798534799
20.47	 20	 67.91208791208791
20.48	 20	 67.98534798534799
20.49	 20	 68.03418803418803
20.5	 20	 68.03418803418803
20.51	 20	 67.91208791208791
20.52	 20	 68.00976800976801
20.53	 20	 68.13186813186813
20.54	 20	 68.08302808302808
20.55	 20	 68.05860805860806
20.56	 20	 67.98534798534799
20.57	 20	 68.00976800976801
20.58	 20	 68.00976800976801
20.59	 20	 68.03418803418803
20.6	 20	 68.03418803418803
20.61	 20	 67.93650793650794
20.62	 20	 67.98534798534799
20.63	 20	 68.1074481074481
20.64	 20	 68.03418803418803
20.65	 20	 67.98534798534799
20.66	 20	 67.98534798534799
20.67	 20	 68.00976800976801
20.68	 20	 67.91208791208791
20.69	 20	 68.00976800976801
20.7	 20	 68.00976800976801
20.71	 20	 68.05860805860806
20.72	 20	 68.08302808302808
20.73	 20	 67.98534798534799
20.74	 20	 67.98534798534799
20.75	 20	 68.00976800976801
20.76	 20	 67.98534798534799
20.77	 20	 67.98534798534799
20.78	 20	 67.88766788766789
20.79	 20	 67.98534798534799
20.8	 20	 67.98534798534799
20.81	 20	 67.98534798534799
20.82	 20	 67.91208791208791
20.83	 20	 68.05860805860806
20.84	 20	 67.98534798534799
20.85	 20	 69.93894993894993
20.86	 20	 67.98534798534799
20.87	 20	 68.08302808302808
20.88	 20	 68.15628815628816
20.89	 20	 67.91208791208791
20.9	 20	 68.03418803418803
20.91	 20	 67.98534798534799
20.92	 20	 67.98534798534799
20.93	 20	 67.98534798534799
20.94	 20	 67.98534798534799
20.95	 20	 68.05860805860806
20.96	 20	 68.00976800976801
20.97	 20	 68.03418803418803
20.98	 20	 68.05860805860806
20.99	 20	 67.98534798534799
21	 20	 68.03418803418803
21.01	 20	 68.08302808302808
21.02	 20	 67.98534798534799
21.03	 20	 67.98534798534799
21.04	 20	 68.05860805860806
21.05	 20	 68.05860805860806
21.06	 20	 68.05860805860806
21.07	 20	 67.52136752136752
21.08	 20	 67.98534798534799
21.09	 20	 67.98534798534799
21.1	 20	 67.98534798534799
21.11	 20	 68.25396825396825
21.12	 20	 68.03418803418803
21.13	 20	 68.00976800976801
21.14	 20	 68.00976800976801
21.15	 20	 68.05860805860806
21.16	 20	 68.05860805860806
21.17	 20	 68.05860805860806
21.18	 20	 68.00976800976801
21.19	 20	 68.57142857142857
21.2	 20	 68.00976800976801
21.21	 20	 68.05860805860806
21.22	 20	 68.37606837606837
21.23	 20	 67.86324786324786
21.24	 20	 67.98534798534799
21.25	 20	 67.98534798534799
21.26	 20	 67.91208791208791
21.27	 20	 68.44932844932845
21.28	 20	 67.78998778998779
21.29	 20	 67.88766788766789
21.3	 20	 67.57020757020757
21.31	 20	 67.88766788766789
21.32	 20	 68.03418803418803
21.33	 20	 67.91208791208791
21.34	 20	 68.74236874236874
21.35	 20	 67.98534798534799
21.36	 20	 67.98534798534799
21.37	 20	 68.00976800976801
21.38	 20	 67.93650793650794
21.39	 20	 67.98534798534799
21.4	 20	 68.00976800976801
21.41	 20	 67.98534798534799
21.42	 20	 67.74114774114774
21.43	 20	 67.93650793650794
21.44	 20	 68.00976800976801
21.45	 20	 68.05860805860806
21.46	 20	 68.05860805860806
21.47	 20	 67.98534798534799
21.48	 20	 68.37606837606837
21.49	 20	 67.91208791208791
21.5	 20	 67.91208791208791
21.51	 20	 67.98534798534799
21.52	 20	 68.03418803418803
21.53	 20	 67.86324786324786
21.54	 20	 67.96092796092796
21.55	 20	 68.08302808302808
21.56	 20	 67.98534798534799
21.57	 20	 67.98534798534799
21.58	 20	 68.13186813186813
21.59	 20	 67.98534798534799
21.6	 20	 68.00976800976801
21.61	 20	 68.00976800976801
21.62	 20	 68.05860805860806
21.63	 20	 68.08302808302808
21.64	 20	 68.1074481074481
21.65	 20	 68.05860805860806
21.66	 20	 68.05860805860806
21.67	 20	 68.27838827838828
21.68	 20	 68.13186813186813
21.69	 20	 68.13186813186813
21.7	 20	 68.05860805860806
21.71	 20	 68.15628815628816
21.72	 20	 68.15628815628816
21.73	 20	 68.1074481074481
21.74	 20	 68.08302808302808
21.75	 20	 68.13186813186813
21.76	 20	 68.15628815628816
21.77	 20	 68.08302808302808
21.78	 20	 68.32722832722833
21.79	 20	 68.1074481074481
21.8	 20	 68.03418803418803
21.81	 20	 67.98534798534799
21.82	 20	 68.13186813186813
21.83	 20	 67.98534798534799
21.84	 20	 68.15628815628816
21.85	 20	 67.98534798534799
21.86	 20	 68.15628815628816
21.87	 20	 68.05860805860806
21.88	 20	 68.08302808302808
21.89	 20	 68.1074481074481
21.9	 20	 68.13186813186813
21.91	 20	 68.1074481074481
21.92	 20	 68.13186813186813
21.93	 20	 68.2051282051282
21.94	 20	 68.22954822954823
21.95	 20	 68.37606837606837
21.96	 20	 68.15628815628816
21.97	 20	 68.15628815628816
21.98	 20	 67.6923076923077
21.99	 20	 68.15628815628816
22	 20	 68.27838827838828
22.01	 20	 68.1074481074481
22.02	 20	 68.69352869352869
22.03	 20	 68.15628815628816
22.04	 20	 68.05860805860806
22.05	 20	 68.96214896214896
22.06	 20	 68.1074481074481
22.07	 20	 68.18070818070818
22.08	 20	 68.1074481074481
22.09	 20	 68.13186813186813
22.1	 20	 68.22954822954823
22.11	 20	 68.13186813186813
22.12	 20	 68.13186813186813
22.13	 20	 68.13186813186813
22.14	 20	 68.15628815628816
22.15	 20	 68.35164835164835
22.16	 20	 68.03418803418803
22.17	 20	 68.05860805860806
22.18	 20	 68.13186813186813
22.19	 20	 68.13186813186813
22.2	 20	 68.37606837606837
22.21	 20	 68.00976800976801
22.22	 20	 68.2051282051282
22.23	 20	 68.08302808302808
22.24	 20	 68.03418803418803
22.25	 20	 68.1074481074481
22.26	 20	 68.05860805860806
22.27	 20	 67.98534798534799
22.28	 20	 68.05860805860806
22.29	 20	 68.13186813186813
22.3	 20	 68.27838827838828
22.31	 20	 68.15628815628816
22.32	 20	 68.1074481074481
22.33	 20	 68.13186813186813
22.34	 20	 68.22954822954823
22.35	 20	 67.81440781440782
22.36	 20	 68.05860805860806
22.37	 20	 68.1074481074481
22.38	 20	 68.08302808302808
22.39	 20	 68.1074481074481
22.4	 20	 68.15628815628816
22.41	 20	 68.15628815628816
22.42	 20	 68.13186813186813
22.43	 20	 68.05860805860806
22.44	 20	 68.1074481074481
22.45	 20	 68.15628815628816
22.46	 20	 68.13186813186813
22.47	 20	 68.15628815628816
22.48	 20	 68.2051282051282
22.49	 20	 67.98534798534799
22.5	 20	 68.25396825396825
22.51	 20	 68.32722832722833
22.52	 20	 68.15628815628816
22.53	 20	 68.13186813186813
22.54	 20	 68.15628815628816
22.55	 20	 68.18070818070818
22.56	 20	 68.13186813186813
22.57	 20	 68.2051282051282
22.58	 20	 67.03296703296704
22.59	 20	 68.05860805860806
22.6	 20	 68.13186813186813
22.61	 20	 68.2051282051282
22.62	 20	 68.1074481074481
22.63	 20	 68.13186813186813
22.64	 20	 68.15628815628816
22.65	 20	 68.15628815628816
22.66	 20	 68.08302808302808
22.67	 20	 68.15628815628816
22.68	 20	 68.18070818070818
22.69	 20	 68.13186813186813
22.7	 20	 68.05860805860806
22.71	 20	 68.18070818070818
22.72	 20	 68.1074481074481
22.73	 20	 68.15628815628816
22.74	 20	 68.25396825396825
22.75	 20	 68.13186813186813
22.76	 20	 68.05860805860806
22.77	 20	 68.08302808302808
22.78	 20	 68.18070818070818
22.79	 20	 68.15628815628816
22.8	 20	 68.05860805860806
22.81	 20	 68.05860805860806
22.82	 20	 68.13186813186813
22.83	 20	 68.08302808302808
22.84	 20	 68.15628815628816
22.85	 20	 68.15628815628816
22.86	 20	 68.15628815628816
22.87	 20	 68.32722832722833
22.88	 20	 68.1074481074481
22.89	 20	 68.25396825396825
22.9	 20	 68.15628815628816
22.91	 20	 68.27838827838828
22.92	 20	 68.15628815628816
22.93	 20	 68.18070818070818
22.94	 20	 68.05860805860806
22.95	 20	 68.22954822954823
22.96	 20	 68.1074481074481
22.97	 20	 68.27838827838828
22.98	 20	 68.27838827838828
22.99	 20	 68.27838827838828
23	 20	 68.15628815628816
23.01	 20	 68.27838827838828
23.02	 20	 68.22954822954823
23.03	 20	 68.18070818070818
23.04	 20	 67.98534798534799
23.05	 20	 68.1074481074481
23.06	 20	 68.15628815628816
23.07	 20	 68.08302808302808
23.08	 20	 68.15628815628816
23.09	 20	 68.15628815628816
23.1	 20	 68.15628815628816
23.11	 20	 68.1074481074481
23.12	 20	 68.15628815628816
23.13	 20	 68.1074481074481
23.14	 20	 68.4004884004884
23.15	 20	 68.1074481074481
23.16	 20	 68.15628815628816
23.17	 20	 68.25396825396825
23.18	 20	 68.15628815628816
23.19	 20	 68.13186813186813
23.2	 20	 68.2051282051282
23.21	 20	 67.98534798534799
23.22	 20	 68.15628815628816
23.23	 20	 68.22954822954823
23.24	 20	 68.15628815628816
23.25	 20	 68.27838827838828
23.26	 20	 68.18070818070818
23.27	 20	 68.13186813186813
23.28	 20	 68.27838827838828
23.29	 20	 68.37606837606837
23.3	 20	 68.2051282051282
23.31	 20	 68.2051282051282
23.32	 20	 68.15628815628816
23.33	 20	 68.15628815628816
23.34	 20	 68.05860805860806
23.35	 20	 68.1074481074481
23.36	 20	 68.08302808302808
23.37	 20	 68.15628815628816
23.38	 20	 68.15628815628816
23.39	 20	 68.22954822954823
23.4	 20	 68.13186813186813
23.41	 20	 68.15628815628816
23.42	 20	 68.35164835164835
23.43	 20	 68.15628815628816
23.44	 20	 68.05860805860806
23.45	 20	 68.05860805860806
23.46	 20	 69.13308913308913
23.47	 20	 68.15628815628816
23.48	 20	 68.15628815628816
23.49	 20	 68.05860805860806
23.5	 20	 68.05860805860806
23.51	 20	 68.15628815628816
23.52	 20	 68.05860805860806
23.53	 20	 68.05860805860806
23.54	 20	 68.08302808302808
23.55	 20	 67.96092796092796
23.56	 20	 67.98534798534799
23.57	 20	 67.81440781440782
23.58	 20	 68.08302808302808
23.59	 20	 67.91208791208791
23.6	 20	 67.88766788766789
23.61	 20	 67.98534798534799
23.62	 20	 67.98534798534799
23.63	 20	 67.93650793650794
23.64	 20	 67.91208791208791
23.65	 20	 67.98534798534799
23.66	 20	 67.83882783882784
23.67	 20	 68.03418803418803
23.68	 20	 67.98534798534799
23.69	 20	 67.96092796092796
23.7	 20	 67.93650793650794
23.71	 20	 67.98534798534799
23.72	 20	 67.98534798534799
23.73	 20	 67.83882783882784
23.74	 20	 67.88766788766789
23.75	 20	 67.98534798534799
23.76	 20	 67.98534798534799
23.77	 20	 67.86324786324786
23.78	 20	 67.86324786324786
23.79	 20	 67.86324786324786
23.8	 20	 67.88766788766789
23.81	 20	 67.88766788766789
23.82	 20	 67.81440781440782
23.83	 20	 67.88766788766789
23.84	 20	 67.93650793650794
23.85	 20	 67.47252747252747
23.86	 20	 67.83882783882784
23.87	 20	 67.88766788766789
23.88	 20	 67.98534798534799
23.89	 20	 67.86324786324786
23.9	 20	 67.91208791208791
23.91	 20	 68.00976800976801
23.92	 20	 67.96092796092796
23.93	 20	 67.98534798534799
23.94	 20	 67.86324786324786
23.95	 20	 67.88766788766789
23.96	 20	 67.98534798534799
23.97	 20	 67.88766788766789
23.98	 20	 68.00976800976801
23.99	 20	 67.98534798534799
24	 20	 68.00976800976801
24.01	 20	 67.98534798534799
24.02	 20	 67.96092796092796
24.03	 20	 67.98534798534799
24.04	 20	 67.93650793650794
24.05	 20	 68.08302808302808
24.06	 20	 67.88766788766789
24.07	 20	 67.93650793650794
24.08	 20	 67.88766788766789
24.09	 20	 67.78998778998779
24.1	 20	 67.96092796092796
24.11	 20	 67.81440781440782
24.12	 20	 67.78998778998779
24.13	 20	 67.78998778998779
24.14	 20	 67.78998778998779
24.15	 20	 67.78998778998779
24.16	 20	 67.66788766788767
24.17	 20	 67.6923076923077
24.18	 20	 67.61904761904762
24.19	 20	 67.74114774114774
24.2	 20	 67.74114774114774
24.21	 20	 67.76556776556777
24.22	 20	 67.74114774114774
24.23	 20	 67.74114774114774
24.24	 20	 67.81440781440782
24.25	 20	 67.78998778998779
24.26	 20	 67.71672771672772
24.27	 20	 67.57020757020757
24.28	 20	 67.66788766788767
24.29	 20	 67.66788766788767
24.3	 20	 67.76556776556777
24.31	 20	 67.74114774114774
24.32	 20	 67.71672771672772
24.33	 20	 67.64346764346764
24.34	 20	 67.74114774114774
24.35	 20	 67.66788766788767
24.36	 20	 67.76556776556777
24.37	 20	 67.57020757020757
24.38	 20	 67.66788766788767
24.39	 20	 67.71672771672772
24.4	 20	 67.66788766788767
24.41	 20	 67.6923076923077
24.42	 20	 67.6923076923077
24.43	 20	 67.64346764346764
24.44	 20	 67.74114774114774
24.45	 20	 67.74114774114774
24.46	 20	 67.64346764346764
24.47	 20	 67.6923076923077
24.48	 20	 67.98534798534799
24.49	 20	 67.64346764346764
24.5	 20	 67.6923076923077
24.51	 20	 67.78998778998779
24.52	 20	 67.66788766788767
24.53	 20	 67.61904761904762
24.54	 20	 66.42246642246643
24.55	 20	 67.64346764346764
24.56	 20	 67.6923076923077
24.57	 20	 67.6923076923077
24.58	 20	 67.61904761904762
24.59	 20	 67.74114774114774
24.6	 20	 67.66788766788767
24.61	 20	 67.57020757020757
24.62	 20	 67.57020757020757
24.63	 20	 67.64346764346764
24.64	 20	 67.61904761904762
24.65	 20	 67.47252747252747
24.66	 20	 67.57020757020757
24.67	 20	 67.54578754578755
24.68	 20	 67.71672771672772
24.69	 20	 67.52136752136752
24.7	 20	 67.61904761904762
24.71	 20	 67.61904761904762
24.72	 20	 67.47252747252747
24.73	 20	 67.6923076923077
24.74	 20	 67.54578754578755
24.75	 20	 67.54578754578755
24.76	 20	 67.57020757020757
24.77	 20	 67.66788766788767
24.78	 20	 67.61904761904762
24.79	 20	 67.4969474969475
24.8	 20	 67.57020757020757
24.81	 20	 67.5946275946276
24.82	 20	 67.71672771672772
24.83	 20	 67.57020757020757
24.84	 20	 67.57020757020757
24.85	 20	 67.5946275946276
24.86	 20	 67.42368742368743
24.87	 20	 67.57020757020757
24.88	 20	 67.64346764346764
24.89	 20	 67.52136752136752
24.9	 20	 67.52136752136752
24.91	 20	 67.4969474969475
24.92	 20	 68.2051282051282
24.93	 20	 67.4969474969475
24.94	 20	 67.4969474969475
24.95	 20	 67.47252747252747
24.96	 20	 67.47252747252747
24.97	 20	 67.4969474969475
24.98	 20	 67.4969474969475
24.99	 20	 67.47252747252747
