0	 0	 0
0.01	 0	 0
0.02	 0	 0
0.03	 0	 0
0.04	 0	 0
0.05	 0	 0
0.06	 0	 0
0.07	 0	 0
0.08	 0	 0
0.09	 0	 0
0.1	 0	 0
0.11	 0	 0
0.12	 0	 0
0.13	 0	 0
0.14	 0	 0
0.15	 0	 0
0.16	 0	 0
0.17	 0	 0
0.18	 0	 0
0.19	 0	 0
0.2	 0	 0
0.21	 0	 0
0.22	 0	 0
0.23	 0	 0
0.24	 0	 0
0.25	 0	 0
0.26	 0	 0
0.27	 0	 0
0.28	 0	 0
0.29	 0	 0
0.3	 0	 0
0.31	 0	 0
0.32	 0	 0
0.33	 0	 0
0.34	 0	 0
0.35	 0	 0
0.36	 0	 0
0.37	 0	 0
0.38	 0	 0
0.39	 0	 0
0.4	 0	 0
0.41	 0	 0
0.42	 0	 0
0.43	 0	 0
0.44	 0	 0
0.45	 0	 0
0.46	 0	 0
0.47	 0	 0
0.48	 0	 0
0.49	 0	 0
0.5	 0	 0
0.51	 0	 0
0.52	 0	 0
0.53	 0	 0
0.54	 0	 0
0.55	 0	 0
0.56	 0	 0
0.57	 0	 0
0.58	 0	 0
0.59	 0	 0
0.6	 0	 0
0.61	 0	 0
0.62	 0	 0
0.63	 0	 0
0.64	 0	 0
0.65	 0	 0
0.66	 0	 0
0.67	 0	 0
0.68	 0	 0
0.69	 0	 0
0.7	 0	 0
0.71	 0	 0
0.72	 0	 0
0.73	 0	 0
0.74	 0	 0
0.75	 0	 0
0.76	 0	 0
0.77	 0	 0
0.78	 0	 0
0.79	 0	 0
0.8	 0	 0
0.81	 0	 0
0.82	 0	 0
0.83	 0	 0
0.84	 0	 0
0.85	 0	 0
0.86	 0	 0
0.87	 0	 0
0.88	 0	 0
0.89	 0	 0
0.9	 0	 0
0.91	 0	 0
0.92	 0	 0
0.93	 0	 0
0.94	 0	 0
0.95	 0	 0
0.96	 0	 0
0.97	 0	 0
0.98	 0	 0
0.99	 0	 0
1	 0	 0
1.01	 0	 0
1.02	 0	 0
1.03	 0	 0
1.04	 0	 0
1.05	 0	 0
1.06	 0	 0
1.07	 0	 0
1.08	 0	 0
1.09	 0	 0
1.1	 0	 0
1.11	 0	 0
1.12	 0	 0
1.13	 0	 0
1.14	 0	 0
1.15	 0	 0
1.16	 0	 0
1.17	 0	 0
1.18	 0	 0
1.19	 0	 0
1.2	 0	 0
1.21	 0	 0
1.22	 0	 0
1.23	 0	 0
1.24	 0	 0
1.25	 0	 0
1.26	 0	 0
1.27	 0	 0
1.28	 0	 0
1.29	 0	 0
1.3	 0	 0
1.31	 0	 0
1.32	 0	 0
1.33	 0	 0
1.34	 0	 0
1.35	 0	 0
1.36	 0	 0
1.37	 0	 0
1.38	 0	 0
1.39	 0	 0
1.4	 0	 0
1.41	 0	 0
1.42	 0	 0
1.43	 0	 0
1.44	 0	 0
1.45	 0	 0
1.46	 0	 0
1.47	 0	 0
1.48	 0	 0
1.49	 0	 0
1.5	 0	 0
1.51	 0	 0
1.52	 0	 0
1.53	 0	 0
1.54	 0	 0
1.55	 0	 0
1.56	 0	 0
1.57	 0	 0
1.58	 0	 0
1.59	 0	 0
1.6	 0	 0
1.61	 0	 0
1.62	 0	 0
1.63	 0	 0
1.64	 0	 0
1.65	 0	 0
1.66	 0	 0
1.67	 0	 0
1.68	 0	 0
1.69	 0	 0
1.7	 0	 0
1.71	 0	 0
1.72	 0	 0
1.73	 0	 0
1.74	 0	 0
1.75	 0	 0
1.76	 0	 0
1.77	 0	 0
1.78	 0	 0
1.79	 0	 0
1.8	 0	 0
1.81	 0	 0
1.82	 0	 0
1.83	 0	 0
1.84	 0	 0
1.85	 0	 0
1.86	 0	 0
1.87	 0	 0
1.88	 0	 0
1.89	 0	 0
1.9	 0	 0
1.91	 0	 0
1.92	 0	 0
1.93	 0	 0
1.94	 0	 0
1.95	 0	 0
1.96	 0	 0
1.97	 0	 0
1.98	 0	 0
1.99	 0	 0
2	 0	 0
2.01	 0	 0
2.02	 0	 0
2.03	 0	 0
2.04	 0	 0
2.05	 0	 0
2.06	 0	 0
2.07	 0	 0
2.08	 0	 0
2.09	 0	 0
2.1	 0	 0
2.11	 0	 0
2.12	 0	 0
2.13	 0	 0
2.14	 0	 0
2.15	 0	 0
2.16	 0	 0
2.17	 0	 0
2.18	 0	 0
2.19	 0	 0
2.2	 0	 0
2.21	 0	 0
2.22	 0	 0
2.23	 0	 0
2.24	 0	 0
2.25	 0	 0
2.26	 0	 0
2.27	 0	 0
2.28	 0	 0
2.29	 0	 0
2.3	 0	 0
2.31	 0	 0
2.32	 0	 0
2.33	 0	 0
2.34	 0	 0
2.35	 0	 0
2.36	 0	 0
2.37	 0	 0
2.38	 0	 0
2.39	 0	 0
2.4	 0	 0
2.41	 0	 0
2.42	 0	 0
2.43	 0	 0
2.44	 0	 0
2.45	 0	 0
2.46	 0	 0
2.47	 0	 0
2.48	 0	 0
2.49	 0	 0
2.5	 0	 0
2.51	 0	 0
2.52	 0	 0
2.53	 0	 0
2.54	 0	 0
2.55	 0	 0
2.56	 0	 0
2.57	 0	 0
2.58	 0	 0
2.59	 0	 0
2.6	 0	 0
2.61	 0	 0
2.62	 0	 0
2.63	 0	 0
2.64	 0	 0
2.65	 0	 0
2.66	 0	 0
2.67	 0	 0
2.68	 0	 0
2.69	 0	 0
2.7	 0	 0
2.71	 0	 0
2.72	 0	 0
2.73	 0	 0
2.74	 0	 0
2.75	 0	 0
2.76	 0	 0
2.77	 0	 0
2.78	 0	 0
2.79	 0	 0
2.8	 0	 0
2.81	 0	 0
2.82	 0	 0
2.83	 0	 0
2.84	 0	 0
2.85	 0	 0
2.86	 0	 0
2.87	 0	 0
2.88	 0	 0
2.89	 0	 0
2.9	 0	 0
2.91	 0	 0
2.92	 0	 0
2.93	 0	 0
2.94	 0	 0
2.95	 0	 0
2.96	 0	 0
2.97	 0	 0
2.98	 0	 0
2.99	 0	 0
3	 0	 0
3.01	 0	 0
3.02	 0	 0
3.03	 0	 0
3.04	 0	 0
3.05	 0	 0
3.06	 0	 0
3.07	 0	 0
3.08	 0	 0
3.09	 0	 0
3.1	 0	 0
3.11	 0	 0
3.12	 0	 0
3.13	 0	 0
3.14	 0	 0
3.15	 0	 0
3.16	 0	 1.9047619047619047
3.17	 0	 0
3.18	 0	 0
3.19	 0	 0
3.2	 0	 0
3.21	 0	 0
3.22	 0	 0
3.23	 0	 0
3.24	 0	 0
3.25	 0	 0
3.26	 0	 0
3.27	 0	 0
3.28	 0	 0
3.29	 0	 0
3.3	 0	 0
3.31	 0	 0
3.32	 0	 0
3.33	 0	 0
3.34	 0	 0
3.35	 0	 0
3.36	 0	 0
3.37	 0	 0
3.38	 0	 0
3.39	 0	 0
3.4	 0	 0
3.41	 0	 0
3.42	 0	 0
3.43	 0	 0
3.44	 0	 0
3.45	 0	 0
3.46	 0	 0
3.47	 0	 0
3.48	 0	 0
3.49	 0	 0
3.5	 0	 0
3.51	 0	 0
3.52	 0	 0
3.53	 0	 0
3.54	 0	 0
3.55	 0	 0
3.56	 0	 0
3.57	 0	 0
3.58	 0	 0
3.59	 0	 0
3.6	 0	 0
3.61	 0	 0
3.62	 0	 0
3.63	 0	 0
3.64	 0	 0
3.65	 0	 0
3.66	 0	 0
3.67	 0	 0
3.68	 0	 0
3.69	 0	 0
3.7	 0	 0
3.71	 0	 0
3.72	 0	 0
3.73	 0	 0
3.74	 0	 0
3.75	 0	 0
3.76	 0	 0
3.77	 0	 0
3.78	 0	 0
3.79	 0	 0
3.8	 0	 0
3.81	 0	 0
3.82	 0	 0
3.83	 0	 0
3.84	 0	 0
3.85	 0	 0
3.86	 0	 0
3.87	 0	 0
3.88	 0	 0
3.89	 0	 0
3.9	 0	 0
3.91	 0	 0
3.92	 0	 0
3.93	 0	 0
3.94	 0	 0
3.95	 0	 0
3.96	 0	 0
3.97	 0	 0
3.98	 0	 0
3.99	 0	 0
4	 0	 0
4.01	 0	 0
4.02	 0	 0
4.03	 0	 0
4.04	 0	 0
4.05	 0	 0
4.06	 0	 0
4.07	 0	 0
4.08	 0	 0
4.09	 0	 0
4.1	 0	 0
4.11	 0	 0
4.12	 0	 0
4.13	 0	 0
4.14	 0	 0
4.15	 0	 0
4.16	 0	 0
4.17	 0	 0
4.18	 0	 0
4.19	 0	 0
4.2	 0	 0
4.21	 0	 0
4.22	 0	 0
4.23	 0	 0
4.24	 0	 0
4.25	 0	 0
4.26	 0	 0
4.27	 0	 0
4.28	 0	 0
4.29	 0	 0
4.3	 0	 0
4.31	 0	 0
4.32	 0	 0
4.33	 0	 0
4.34	 0	 0
4.35	 0	 0
4.36	 0	 0
4.37	 0	 0
4.38	 0	 0
4.39	 0	 0
4.4	 0	 0
4.41	 0	 0
4.42	 0	 0
4.43	 0	 0
4.44	 0	 0
4.45	 0	 0
4.46	 0	 0
4.47	 0	 0
4.48	 0	 0
4.49	 0	 0
4.5	 0	 0
4.51	 0	 0
4.52	 0	 0
4.53	 0	 0
4.54	 0	 0
4.55	 0	 0
4.56	 0	 0
4.57	 0	 0
4.58	 0	 0
4.59	 0	 0
4.6	 0	 0
4.61	 0	 0
4.62	 0	 0
4.63	 0	 0
4.64	 0	 0
4.65	 0	 0
4.66	 0	 0
4.67	 0	 0
4.68	 0	 0
4.69	 0	 0
4.7	 0	 0
4.71	 0	 0
4.72	 0	 0
4.73	 0	 0
4.74	 0	 0
4.75	 0	 0
4.76	 0	 0
4.77	 0	 0
4.78	 0	 0
4.79	 0	 0
4.8	 0	 0
4.81	 0	 0
4.82	 0	 0
4.83	 0	 0
4.84	 0	 0
4.85	 0	 0
4.86	 0	 0
4.87	 0	 0
4.88	 0	 0
4.89	 0	 0
4.9	 0	 0
4.91	 0	 0
4.92	 0	 0
4.93	 0	 0
4.94	 0	 0
4.95	 0	 0
4.96	 0	 0
4.97	 0	 0
4.98	 0	 0
4.99	 0	 0
5	 0	 0
5.01	 0	 0
5.02	 0	 0
5.03	 0	 0
5.04	 0	 0
5.05	 0	 0
5.06	 0	 0
5.07	 0	 0
5.08	 0	 0
5.09	 0	 0
5.1	 0	 0
5.11	 0	 0
5.12	 0	 0
5.13	 0	 0
5.14	 0	 0
5.15	 0	 0
5.16	 0	 0
5.17	 0	 0
5.18	 0	 0
5.19	 0	 0
5.2	 0	 0
5.21	 0	 0
5.22	 0	 0
5.23	 0	 0
5.24	 0	 0
5.25	 0	 0
5.26	 0	 0
5.27	 0	 0
5.28	 0	 0
5.29	 0	 0
5.3	 0	 0
5.31	 0	 0
5.32	 0	 0
5.33	 0	 0
5.34	 0	 0
5.35	 0	 0
5.36	 0	 0
5.37	 0	 0
5.38	 0	 0
5.39	 0	 0
5.4	 0	 0
5.41	 0	 0
5.42	 0	 0
5.43	 0	 0
5.44	 0	 0
5.45	 0	 0
5.46	 0	 0
5.47	 0	 0
5.48	 0	 0
5.49	 0	 0
5.5	 0	 0
5.51	 0	 0
5.52	 0	 0
5.53	 0	 0
5.54	 0	 0
5.55	 0	 0
5.56	 0	 0
5.57	 0	 0
5.58	 0	 0
5.59	 0	 0
5.6	 0	 0
5.61	 0	 0
5.62	 0	 0
5.63	 0	 0
5.64	 0	 0
5.65	 0	 0
5.66	 0	 0
5.67	 0	 0
5.68	 0	 0
5.69	 0	 0
5.7	 0	 0
5.71	 0	 0
5.72	 0	 0
5.73	 0	 0
5.74	 0	 0
5.75	 0	 0
5.76	 0	 0
5.77	 0	 0
5.78	 0	 0
5.79	 0	 0
5.8	 0	 0
5.81	 0	 0
5.82	 0	 0
5.83	 0	 0
5.84	 0	 0
5.85	 0	 0
5.86	 0	 0
5.87	 0	 0
5.88	 0	 0
5.89	 0	 0
5.9	 0	 0
5.91	 0	 0
5.92	 0	 0
5.93	 0	 0
5.94	 0	 0
5.95	 0	 0
5.96	 0	 0
5.97	 0	 0
5.98	 0	 0
5.99	 0	 0
6	 0	 0
6.01	 0	 0
6.02	 0	 0
6.03	 0	 0
6.04	 0	 0
6.05	 0	 0
6.06	 0	 0
6.07	 0	 0
6.08	 0	 0
6.09	 0	 0
6.1	 0	 0
6.11	 0	 0
6.12	 0	 0
6.13	 0	 0
6.14	 0	 0
6.15	 0	 0
6.16	 0	 0
6.17	 0	 0
6.18	 0	 0
6.19	 0	 0
6.2	 0	 0
6.21	 0	 0
6.22	 0	 0
6.23	 0	 0
6.24	 0	 0
6.25	 0	 0
6.26	 0	 0
6.27	 0	 0
6.28	 0	 0
6.29	 0	 0
6.3	 0	 0
6.31	 0	 0
6.32	 0	 0
6.33	 0	 0
6.34	 0	 0
6.35	 0	 0
6.36	 0	 0
6.37	 0	 0
6.38	 0	 0
6.39	 0	 0
6.4	 0	 0
6.41	 0	 0
6.42	 0	 0
6.43	 0	 0
6.44	 0	 0
6.45	 0	 0
6.46	 0	 0
6.47	 0	 0
6.48	 0	 0
6.49	 0	 0
6.5	 0	 0
6.51	 0	 0
6.52	 0	 0
6.53	 0	 0
6.54	 0	 0
6.55	 0	 0
6.56	 0	 0
6.57	 0	 0
6.58	 0	 0
6.59	 0	 0
6.6	 0	 0
6.61	 0	 0
6.62	 0	 0
6.63	 0	 0
6.64	 0	 0
6.65	 0	 0
6.66	 0	 0
6.67	 0	 0
6.68	 0	 0
6.69	 0	 0
6.7	 0	 0
6.71	 0	 0
6.72	 0	 0
6.73	 0	 0
6.74	 0	 0
6.75	 0	 0
6.76	 0	 0
6.77	 0	 0
6.78	 0	 0
6.79	 0	 0
6.8	 0	 0
6.81	 0	 0
6.82	 0	 0
6.83	 0	 0
6.84	 0	 0
6.85	 0	 0
6.86	 0	 0
6.87	 0	 0
6.88	 0	 0
6.89	 0	 0
6.9	 0	 0
6.91	 0	 0
6.92	 0	 0
6.93	 0	 0
6.94	 0	 0
6.95	 0	 0
6.96	 0	 0
6.97	 0	 0
6.98	 0	 0
6.99	 0	 0
7	 0	 0
7.01	 0	 0
7.02	 0	 0
7.03	 0	 0
7.04	 0	 0
7.05	 0	 0
7.06	 0	 0
7.07	 0	 0
7.08	 0	 0
7.09	 0	 0
7.1	 0	 0
7.11	 0	 0
7.12	 0	 0
7.13	 0	 0
7.14	 0	 0
7.15	 0	 0
7.16	 0	 0
7.17	 0	 0
7.18	 0	 0
7.19	 0	 0
7.2	 0	 0
7.21	 0	 0
7.22	 0	 0
7.23	 0	 0
7.24	 0	 0
7.25	 0	 0
7.26	 0	 0
7.27	 0	 0
7.28	 0	 0
7.29	 0	 0
7.3	 0	 0
7.31	 0	 0
7.32	 0	 0
7.33	 0	 0
7.34	 0	 0
7.35	 0	 0
7.36	 0	 0
7.37	 0	 0
7.38	 0	 0
7.39	 0	 0
7.4	 0	 0
7.41	 0	 0
7.42	 0	 0
7.43	 0	 0
7.44	 0	 0
7.45	 0	 0
7.46	 0	 0
7.47	 0	 0
7.48	 0	 0
7.49	 0	 0
7.5	 0	 0
7.51	 0	 0
7.52	 0	 0
7.53	 0	 0
7.54	 0	 0
7.55	 0	 0
7.56	 0	 0
7.57	 0	 0
7.58	 0	 0
7.59	 0	 0
7.6	 0	 0
7.61	 0	 0
7.62	 0	 0
7.63	 0	 0
7.64	 0	 0
7.65	 0	 0
7.66	 0	 0
7.67	 0	 0
7.68	 0	 0
7.69	 0	 0
7.7	 0	 0
7.71	 0	 0
7.72	 0	 0
7.73	 0	 0
7.74	 0	 0
7.75	 0	 0
7.76	 0	 0
7.77	 0	 0
7.78	 0	 0
7.79	 0	 0
7.8	 0	 0
7.81	 0	 0
7.82	 0	 0
7.83	 0	 0
7.84	 0	 0
7.85	 0	 0
7.86	 0	 0
7.87	 0	 0
7.88	 0	 0
7.89	 0	 0
7.9	 0	 0
7.91	 0	 0
7.92	 0	 0
7.93	 0	 0
7.94	 0	 0
7.95	 0	 0
7.96	 0	 0
7.97	 0	 0
7.98	 0	 0
7.99	 0	 0
8	 0	 0
8.01	 0	 0
8.02	 0	 0
8.03	 0	 0
8.04	 0	 0
8.05	 0	 0
8.06	 0	 0
8.07	 0	 0
8.08	 0	 0
8.09	 0	 0
8.1	 0	 0
8.11	 0	 0
8.12	 0	 0
8.13	 0	 0
8.14	 0	 0
8.15	 0	 0
8.16	 0	 0
8.17	 0	 0
8.18	 0	 0
8.19	 0	 0
8.2	 0	 0
8.21	 0	 0
8.22	 0	 0
8.23	 0	 0
8.24	 0	 0
8.25	 0	 0
8.26	 0	 0
8.27	 0	 0
8.28	 0	 0
8.29	 0	 0
8.3	 0	 0
8.31	 0	 0
8.32	 0	 0
8.33	 0	 0
8.34	 0	 0
8.35	 0	 0
8.36	 0	 0
8.37	 0	 0
8.38	 0	 0
8.39	 0	 0
8.4	 0	 0
8.41	 0	 0
8.42	 0	 0
8.43	 0	 0
8.44	 0	 0
8.45	 0	 0
8.46	 0	 0
8.47	 0	 0
8.48	 0	 0
8.49	 0	 0
8.5	 0	 0
8.51	 0	 0
8.52	 0	 0
8.53	 0	 0
8.54	 0	 0
8.55	 0	 0
8.56	 0	 0
8.57	 0	 0
8.58	 0	 0
8.59	 0	 0
8.6	 0	 0
8.61	 0	 0
8.62	 0	 0
8.63	 0	 0
8.64	 0	 0
8.65	 0	 0
8.66	 0	 0
8.67	 0	 0
8.68	 0	 0
8.69	 0	 0
8.7	 0	 0
8.71	 0	 0
8.72	 0	 0
8.73	 0	 0
8.74	 0	 0
8.75	 0	 0
8.76	 0	 0
8.77	 0	 0
8.78	 0	 0
8.79	 0	 0
8.8	 0	 0
8.81	 0	 0
8.82	 0	 0
8.83	 0	 0
8.84	 0	 0
8.85	 0	 0
8.86	 0	 0
8.87	 0	 0
8.88	 0	 0
8.89	 0	 0
8.9	 0	 0
8.91	 0	 0
8.92	 0	 0
8.93	 0	 0
8.94	 0	 0
8.95	 0	 0
8.96	 0	 0
8.97	 0	 0
8.98	 0	 0
8.99	 0	 0
9	 0	 0
9.01	 0	 0
9.02	 0	 0
9.03	 0	 0
9.04	 0	 0
9.05	 0	 0
9.06	 0	 0
9.07	 0	 0
9.08	 0	 0
9.09	 0	 0
9.1	 0	 0
9.11	 0	 0
9.12	 0	 0
9.13	 0	 0
9.14	 0	 0
9.15	 0	 0
9.16	 0	 0
9.17	 0	 0
9.18	 0	 0
9.19	 0	 0
9.2	 0	 0
9.21	 0	 0
9.22	 0	 0
9.23	 0	 0
9.24	 0	 0
9.25	 0	 0
9.26	 0	 0
9.27	 0	 0
9.28	 0	 0
9.29	 0	 0
9.3	 0	 0
9.31	 0	 0
9.32	 0	 0
9.33	 0	 0
9.34	 0	 0
9.35	 0	 0
9.36	 0	 0
9.37	 0	 0
9.38	 0	 0
9.39	 0	 0
9.4	 0	 0
9.41	 0	 0
9.42	 0	 0
9.43	 0	 0
9.44	 0	 0
9.45	 0	 0
9.46	 0	 0
9.47	 0	 0
9.48	 0	 0
9.49	 0	 0
9.5	 0	 0
9.51	 0	 0
9.52	 0	 0
9.53	 0	 0
9.54	 0	 0
9.55	 0	 0
9.56	 0	 0
9.57	 0	 0
9.58	 0	 0
9.59	 0	 0
9.6	 0	 0
9.61	 0	 0
9.62	 0	 0
9.63	 0	 0
9.64	 0	 0
9.65	 0	 0
9.66	 0	 0
9.67	 0	 0
9.68	 0	 0
9.69	 0	 0
9.7	 0	 0
9.71	 0	 0
9.72	 0	 0
9.73	 0	 0
9.74	 0	 0
9.75	 0	 0
9.76	 0	 0
9.77	 0	 0
9.78	 0	 0
9.79	 0	 0
9.8	 0	 0
9.81	 0	 0
9.82	 0	 0
9.83	 0	 0
9.84	 0	 0
9.85	 0	 0
9.86	 0	 0
9.87	 0	 0
9.88	 0	 0
9.89	 0	 0
9.9	 0	 0
9.91	 0	 0
9.92	 0	 0
9.93	 0	 0
9.94	 0	 0
9.95	 0	 0
9.96	 0	 0
9.97	 0	 0
9.98	 0	 0
9.99	 0	 0
10	 0	 0
10.01	 0	 0
10.02	 0	 0
10.03	 0	 0
10.04	 0	 0
10.05	 0	 0
10.06	 0	 0
10.07	 0	 0
10.08	 0	 0
10.09	 0	 0
10.1	 0	 0
10.11	 0	 0
10.12	 0	 0
10.13	 0	 0
10.14	 0	 0
10.15	 0	 0
10.16	 0	 0
10.17	 0	 0
10.18	 0	 0
10.19	 0	 0
10.2	 0	 0
10.21	 0	 0
10.22	 0	 0
10.23	 0	 0
10.24	 0	 0
10.25	 0	 0
10.26	 0	 0
10.27	 0	 0
10.28	 0	 0
10.29	 0	 0
10.3	 0	 0
10.31	 0	 0
10.32	 0	 0
10.33	 0	 0
10.34	 10	 0
10.35	 10	 0
10.36	 10	 0
10.37	 10	 0
10.38	 10	 0
10.39	 10	 0
10.4	 10	 0
10.41	 10	 0
10.42	 10	 0
10.43	 10	 0
10.44	 10	 0
10.45	 10	 0
10.46	 10	 0
10.47	 10	 0
10.48	 10	 0
10.49	 10	 0
10.5	 10	 0
10.51	 10	 0
10.52	 10	 0
10.53	 10	 0
10.54	 10	 0
10.55	 10	 0
10.56	 10	 0
10.57	 10	 0
10.58	 10	 0
10.59	 10	 0
10.6	 10	 0
10.61	 10	 0
10.62	 10	 0
10.63	 10	 0
10.64	 10	 0
10.65	 10	 0
10.66	 10	 0
10.67	 10	 0
10.68	 10	 0
10.69	 10	 0
10.7	 10	 0
10.71	 10	 0
10.72	 10	 0
10.73	 10	 0
10.74	 10	 0
10.75	 10	 0
10.76	 10	 0
10.77	 10	 0
10.78	 10	 0
10.79	 10	 0
10.8	 10	 0
10.81	 10	 0
10.82	 10	 0
10.83	 10	 0
10.84	 10	 0
10.85	 10	 0
10.86	 10	 0
10.87	 10	 0
10.88	 10	 0
10.89	 10	 0
10.9	 10	 0
10.91	 10	 0
10.92	 10	 0
10.93	 10	 0
10.94	 10	 0
10.95	 10	 0
10.96	 10	 0
10.97	 10	 0
10.98	 10	 0
10.99	 10	 0
11	 10	 0.6349206349206349
11.01	 10	 1.4407814407814408
11.02	 10	 2.3687423687423688
11.03	 10	 3.15018315018315
11.04	 10	 4.322344322344322
11.05	 10	 5.25030525030525
11.06	 10	 6.227106227106227
11.07	 10	 7.448107448107448
11.08	 10	 8.18070818070818
11.09	 10	 9.010989010989011
11.1	 10	 8.131868131868131
11.11	 10	 11.062271062271062
11.12	 10	 10.94017094017094
11.13	 10	 11.623931623931623
11.14	 10	 12.16117216117216
11.15	 10	 12.527472527472527
11.16	 10	 12.796092796092797
11.17	 10	 13.601953601953602
11.18	 10	 13.382173382173383
11.19	 10	 13.748473748473748
11.2	 10	 13.748473748473748
11.21	 10	 13.943833943833944
11.22	 10	 14.114774114774114
11.23	 10	 16.752136752136753
11.24	 10	 14.334554334554335
11.25	 10	 14.407814407814408
11.26	 10	 14.603174603174603
11.27	 10	 14.652014652014651
11.28	 10	 14.749694749694749
11.29	 10	 14.725274725274724
11.3	 10	 14.847374847374848
11.31	 10	 14.822954822954824
11.32	 10	 14.7985347985348
11.33	 10	 14.822954822954824
11.34	 10	 14.896214896214897
11.35	 10	 14.993894993894994
11.36	 10	 15.164835164835164
11.37	 10	 15.457875457875458
11.38	 10	 15.57997557997558
11.39	 10	 16.385836385836384
11.4	 10	 16.874236874236875
11.41	 10	 17.60683760683761
11.42	 10	 18.266178266178265
11.43	 10	 18.803418803418804
11.44	 10	 19.706959706959708
11.45	 10	 20.683760683760685
11.46	 10	 21.343101343101342
11.47	 10	 22.026862026862027
11.48	 10	 22.71062271062271
11.49	 10	 23.394383394383393
11.5	 10	 24.126984126984127
11.51	 10	 24.346764346764346
11.52	 10	 24.957264957264957
11.53	 10	 25.42124542124542
11.54	 10	 25.95848595848596
11.55	 10	 26.275946275946275
11.56	 10	 26.61782661782662
11.57	 10	 26.837606837606838
11.58	 10	 27.17948717948718
11.59	 10	 27.35042735042735
11.6	 10	 27.692307692307693
11.61	 10	 27.643467643467645
11.62	 10	 27.814407814407815
11.63	 10	 27.96092796092796
11.64	 10	 28.034188034188034
11.65	 10	 28.00976800976801
11.66	 10	 28.156288156288156
11.67	 10	 28.18070818070818
11.68	 10	 28.253968253968253
11.69	 10	 28.376068376068375
11.7	 10	 28.376068376068375
11.71	 10	 28.4004884004884
11.72	 10	 28.473748473748472
11.73	 10	 28.498168498168496
11.74	 10	 28.424908424908423
11.75	 10	 28.498168498168496
11.76	 10	 28.644688644688646
11.77	 10	 28.84004884004884
11.78	 10	 28.54700854700855
11.79	 10	 29.035409035409035
11.8	 10	 29.18192918192918
11.81	 10	 29.35286935286935
11.82	 10	 29.621489621489623
11.83	 10	 29.865689865689866
11.84	 10	 30.085470085470085
11.85	 10	 30.4029304029304
11.86	 10	 30.54945054945055
11.87	 10	 30.744810744810746
11.88	 10	 30.98901098901099
11.89	 10	 31.208791208791208
11.9	 10	 31.33089133089133
11.91	 10	 31.501831501831504
11.92	 10	 31.623931623931625
11.93	 10	 31.5995115995116
11.94	 10	 31.843711843711844
11.95	 10	 31.916971916971917
11.96	 10	 32.06349206349206
11.97	 10	 32.11233211233211
11.98	 10	 32.21001221001221
11.99	 10	 32.16117216117216
12	 10	 32.33211233211233
12.01	 10	 32.356532356532355
12.02	 10	 32.42979242979243
12.03	 10	 32.45421245421245
12.04	 10	 32.5030525030525
12.05	 10	 32.527472527472526
12.06	 10	 32.5030525030525
12.07	 10	 32.6007326007326
12.08	 10	 32.576312576312574
12.09	 10	 32.55189255189255
12.1	 10	 32.576312576312574
12.11	 10	 32.67399267399267
12.12	 10	 32.62515262515262
12.13	 10	 32.5030525030525
12.14	 10	 32.6007326007326
12.15	 10	 32.62515262515262
12.16	 10	 32.527472527472526
12.17	 10	 32.62515262515262
12.18	 10	 32.62515262515262
12.19	 10	 32.698412698412696
12.2	 10	 32.62515262515262
12.21	 10	 32.67399267399267
12.22	 10	 32.67399267399267
12.23	 10	 33.333333333333336
12.24	 10	 32.747252747252745
12.25	 10	 32.77167277167277
12.26	 10	 32.77167277167277
12.27	 10	 32.918192918192915
12.28	 10	 33.06471306471307
12.29	 10	 33.08913308913309
12.3	 10	 33.06471306471307
12.31	 10	 33.08913308913309
12.32	 10	 33.11355311355312
12.33	 10	 33.11355311355312
12.34	 10	 33.18681318681319
12.35	 10	 33.18681318681319
12.36	 10	 33.162393162393165
12.37	 10	 33.18681318681319
12.38	 10	 32.64957264957265
12.39	 10	 33.30891330891331
12.4	 10	 33.333333333333336
12.41	 10	 33.333333333333336
12.42	 10	 33.382173382173384
12.43	 10	 33.30891330891331
12.44	 10	 33.35775335775336
12.45	 10	 33.333333333333336
12.46	 10	 33.28449328449329
12.47	 10	 33.40659340659341
12.48	 10	 33.333333333333336
12.49	 10	 33.47985347985348
12.5	 10	 33.47985347985348
12.51	 10	 33.47985347985348
12.52	 10	 33.30891330891331
12.53	 10	 33.28449328449329
12.54	 10	 33.43101343101343
12.55	 10	 33.675213675213676
12.56	 10	 33.45543345543346
12.57	 10	 33.40659340659341
12.58	 10	 33.43101343101343
12.59	 10	 33.45543345543346
12.6	 10	 33.382173382173384
12.61	 10	 33.47985347985348
12.62	 10	 33.43101343101343
12.63	 10	 33.40659340659341
12.64	 10	 33.43101343101343
12.65	 10	 33.504273504273506
12.66	 10	 33.30891330891331
12.67	 10	 33.504273504273506
12.68	 10	 33.45543345543346
12.69	 10	 33.553113553113555
12.7	 10	 33.553113553113555
12.71	 10	 33.99267399267399
12.72	 10	 33.57753357753358
12.73	 10	 33.57753357753358
12.74	 10	 33.6019536019536
12.75	 10	 33.57753357753358
12.76	 10	 33.553113553113555
12.77	 10	 33.675213675213676
12.78	 10	 33.99267399267399
12.79	 10	 34.456654456654455
12.8	 10	 33.74847374847375
12.81	 10	 33.772893772893774
12.82	 10	 33.675213675213676
12.83	 10	 33.675213675213676
12.84	 10	 33.724053724053725
12.85	 10	 33.724053724053725
12.86	 10	 33.74847374847375
12.87	 10	 33.675213675213676
12.88	 10	 33.772893772893774
12.89	 10	 33.772893772893774
12.9	 10	 33.772893772893774
12.91	 10	 33.772893772893774
12.92	 10	 33.87057387057387
12.93	 10	 33.772893772893774
12.94	 10	 33.772893772893774
12.95	 10	 33.772893772893774
12.96	 10	 33.675213675213676
12.97	 10	 33.74847374847375
12.98	 10	 33.675213675213676
12.99	 10	 33.87057387057387
13	 10	 33.82173382173382
13.01	 10	 33.84615384615385
13.02	 10	 33.772893772893774
13.03	 10	 33.772893772893774
13.04	 10	 33.772893772893774
13.05	 10	 33.772893772893774
13.06	 10	 33.772893772893774
13.07	 10	 33.6996336996337
13.08	 10	 34.74969474969475
13.09	 10	 33.772893772893774
13.1	 10	 33.772893772893774
13.11	 10	 33.7973137973138
13.12	 10	 33.6996336996337
13.13	 10	 33.84615384615385
13.14	 10	 32.06349206349206
13.15	 10	 33.74847374847375
13.16	 10	 33.772893772893774
13.17	 10	 32.967032967032964
13.18	 10	 33.772893772893774
13.19	 10	 33.772893772893774
13.2	 10	 33.772893772893774
13.21	 10	 33.87057387057387
13.22	 10	 33.84615384615385
13.23	 10	 33.96825396825397
13.24	 10	 34.01709401709402
13.25	 10	 33.96825396825397
13.26	 10	 33.99267399267399
13.27	 10	 34.01709401709402
13.28	 10	 34.04151404151404
13.29	 10	 34.065934065934066
13.3	 10	 34.01709401709402
13.31	 10	 34.065934065934066
13.32	 10	 33.96825396825397
13.33	 10	 34.065934065934066
13.34	 10	 34.01709401709402
13.35	 10	 34.04151404151404
13.36	 10	 34.16361416361416
13.37	 10	 34.285714285714285
13.38	 10	 34.16361416361416
13.39	 10	 34.16361416361416
13.4	 10	 34.35897435897436
13.41	 10	 34.18803418803419
13.42	 10	 34.236874236874236
13.43	 10	 34.18803418803419
13.44	 10	 34.18803418803419
13.45	 10	 34.21245421245421
13.46	 10	 34.35897435897436
13.47	 10	 34.21245421245421
13.48	 10	 34.285714285714285
13.49	 10	 34.18803418803419
13.5	 10	 34.18803418803419
13.51	 10	 34.285714285714285
13.52	 10	 34.33455433455433
13.53	 10	 34.21245421245421
13.54	 10	 34.13919413919414
13.55	 10	 34.6031746031746
13.56	 10	 34.31013431013431
13.57	 10	 34.35897435897436
13.58	 10	 34.35897435897436
13.59	 10	 34.35897435897436
13.6	 10	 34.456654456654455
13.61	 10	 34.35897435897436
13.62	 10	 34.35897435897436
13.63	 10	 34.52991452991453
13.64	 10	 34.48107448107448
13.65	 10	 34.48107448107448
13.66	 10	 34.456654456654455
13.67	 10	 34.52991452991453
13.68	 10	 34.48107448107448
13.69	 10	 33.99267399267399
13.7	 10	 34.6031746031746
13.71	 10	 34.456654456654455
13.72	 10	 34.505494505494504
13.73	 10	 34.505494505494504
13.74	 10	 34.627594627594625
13.75	 10	 34.6031746031746
13.76	 10	 34.6031746031746
13.77	 10	 34.55433455433455
13.78	 10	 34.55433455433455
13.79	 10	 34.798534798534796
13.8	 10	 34.65201465201465
13.81	 10	 34.505494505494504
13.82	 10	 34.52991452991453
13.83	 10	 34.52991452991453
13.84	 10	 34.65201465201465
13.85	 10	 34.627594627594625
13.86	 10	 34.55433455433455
13.87	 10	 34.407814407814406
13.88	 10	 34.6031746031746
13.89	 10	 34.627594627594625
13.9	 10	 34.6031746031746
13.91	 10	 36.63003663003663
13.92	 10	 34.57875457875458
13.93	 10	 34.6031746031746
13.94	 10	 34.627594627594625
13.95	 10	 34.55433455433455
13.96	 10	 34.48107448107448
13.97	 10	 34.55433455433455
13.98	 10	 34.55433455433455
13.99	 10	 34.72527472527472
14	 10	 34.55433455433455
14.01	 10	 34.627594627594625
14.02	 10	 34.48107448107448
14.03	 10	 34.55433455433455
14.04	 10	 34.57875457875458
14.05	 10	 34.55433455433455
14.06	 10	 34.676434676434674
14.07	 10	 34.505494505494504
14.08	 10	 34.52991452991453
14.09	 10	 34.456654456654455
14.1	 10	 36.214896214896214
14.11	 10	 34.505494505494504
14.12	 10	 34.456654456654455
14.13	 10	 34.48107448107448
14.14	 10	 34.48107448107448
14.15	 10	 34.456654456654455
14.16	 10	 34.505494505494504
14.17	 10	 34.33455433455433
14.18	 10	 34.43223443223443
14.19	 10	 34.74969474969475
14.2	 10	 34.456654456654455
14.21	 10	 34.48107448107448
14.22	 10	 34.505494505494504
14.23	 10	 34.456654456654455
14.24	 10	 34.57875457875458
14.25	 10	 34.456654456654455
14.26	 10	 34.52991452991453
14.27	 10	 34.456654456654455
14.28	 10	 34.38339438339438
14.29	 10	 34.43223443223443
14.3	 10	 34.43223443223443
14.31	 10	 34.065934065934066
14.32	 10	 34.6031746031746
14.33	 10	 34.456654456654455
14.34	 10	 34.43223443223443
14.35	 10	 34.456654456654455
14.36	 10	 34.38339438339438
14.37	 10	 34.55433455433455
14.38	 10	 34.505494505494504
14.39	 10	 34.456654456654455
14.4	 10	 34.55433455433455
14.41	 10	 34.456654456654455
14.42	 10	 34.38339438339438
14.43	 10	 34.43223443223443
14.44	 10	 34.43223443223443
14.45	 10	 34.48107448107448
14.46	 10	 34.38339438339438
14.47	 10	 34.456654456654455
14.48	 10	 34.52991452991453
14.49	 10	 34.407814407814406
14.5	 10	 34.48107448107448
14.51	 10	 34.456654456654455
14.52	 10	 34.38339438339438
14.53	 10	 34.456654456654455
14.54	 10	 34.456654456654455
14.55	 10	 35.55555555555556
14.56	 10	 34.505494505494504
14.57	 10	 34.505494505494504
14.58	 10	 34.6031746031746
14.59	 10	 34.43223443223443
14.6	 10	 34.627594627594625
14.61	 10	 34.676434676434674
14.62	 10	 34.676434676434674
14.63	 10	 34.72527472527472
14.64	 10	 34.676434676434674
14.65	 10	 34.676434676434674
14.66	 10	 34.6031746031746
14.67	 10	 35.824175824175825
14.68	 10	 34.72527472527472
14.69	 10	 34.7008547008547
14.7	 10	 34.65201465201465
14.71	 10	 34.456654456654455
14.72	 10	 34.676434676434674
14.73	 10	 34.676434676434674
14.74	 10	 34.65201465201465
14.75	 10	 34.676434676434674
14.76	 10	 34.6031746031746
14.77	 10	 34.74969474969475
14.78	 10	 34.65201465201465
14.79	 10	 34.65201465201465
14.8	 10	 34.65201465201465
14.81	 10	 34.6031746031746
14.82	 10	 34.676434676434674
14.83	 10	 34.65201465201465
14.84	 10	 34.72527472527472
14.85	 10	 34.72527472527472
14.86	 10	 34.7008547008547
14.87	 10	 34.7008547008547
14.88	 10	 35.92185592185592
14.89	 10	 34.72527472527472
14.9	 10	 34.798534798534796
14.91	 10	 34.74969474969475
14.92	 10	 34.7008547008547
14.93	 10	 34.7008547008547
14.94	 10	 34.7008547008547
14.95	 10	 34.798534798534796
14.96	 10	 34.74969474969475
14.97	 10	 34.99389499389499
14.98	 10	 34.74969474969475
14.99	 10	 34.82295482295482
15	 10	 34.847374847374844
15.01	 10	 34.87179487179487
15.02	 10	 34.99389499389499
15.03	 10	 34.89621489621489
15.04	 10	 34.89621489621489
15.05	 10	 34.99389499389499
15.06	 10	 35.06715506715507
15.07	 10	 34.94505494505494
15.08	 10	 35.01831501831502
15.09	 10	 35.06715506715507
15.1	 10	 35.091575091575095
15.11	 10	 34.94505494505494
15.12	 10	 35.14041514041514
15.13	 10	 35.06715506715507
15.14	 10	 34.99389499389499
15.15	 10	 34.969474969474966
15.16	 10	 34.847374847374844
15.17	 10	 34.969474969474966
15.18	 10	 35.01831501831502
15.19	 10	 34.969474969474966
15.2	 10	 34.89621489621489
15.21	 10	 34.94505494505494
15.22	 10	 34.99389499389499
15.23	 10	 34.969474969474966
15.24	 10	 34.969474969474966
15.25	 10	 35.01831501831502
15.26	 10	 34.92063492063492
15.27	 10	 34.969474969474966
15.28	 10	 35.042735042735046
15.29	 10	 34.21245421245421
15.3	 10	 34.89621489621489
15.31	 10	 35.06715506715507
15.32	 10	 34.89621489621489
15.33	 10	 35.18925518925519
15.34	 10	 34.92063492063492
15.35	 10	 34.89621489621489
15.36	 10	 34.969474969474966
15.37	 10	 35.042735042735046
15.38	 10	 34.969474969474966
15.39	 10	 34.969474969474966
15.4	 10	 34.969474969474966
15.41	 10	 34.94505494505494
15.42	 10	 35.091575091575095
15.43	 10	 35.06715506715507
15.44	 10	 35.06715506715507
15.45	 10	 35.11599511599512
15.46	 10	 35.14041514041514
15.47	 10	 35.11599511599512
15.48	 10	 35.14041514041514
15.49	 10	 35.11599511599512
15.5	 10	 35.14041514041514
15.51	 10	 35.23809523809524
15.52	 10	 35.36019536019536
15.53	 10	 35.16483516483517
15.54	 10	 35.16483516483517
15.55	 10	 35.18925518925519
15.56	 10	 35.23809523809524
15.57	 10	 35.23809523809524
15.58	 10	 35.06715506715507
15.59	 10	 35.23809523809524
15.6	 10	 35.18925518925519
15.61	 10	 35.23809523809524
15.62	 10	 35.16483516483517
15.63	 10	 35.18925518925519
15.64	 10	 35.33577533577534
15.65	 10	 35.311355311355314
15.66	 10	 35.16483516483517
15.67	 10	 35.21367521367522
15.68	 10	 35.21367521367522
15.69	 10	 35.433455433455435
15.7	 10	 35.16483516483517
15.71	 10	 35.21367521367522
15.72	 10	 35.18925518925519
15.73	 10	 35.091575091575095
15.74	 10	 35.23809523809524
15.75	 10	 35.14041514041514
15.76	 10	 35.11599511599512
15.77	 10	 35.11599511599512
15.78	 10	 35.16483516483517
15.79	 10	 35.14041514041514
15.8	 10	 35.14041514041514
15.81	 10	 35.16483516483517
15.82	 10	 35.16483516483517
15.83	 10	 35.16483516483517
15.84	 10	 35.16483516483517
15.85	 10	 35.14041514041514
15.86	 10	 35.14041514041514
15.87	 10	 35.16483516483517
15.88	 10	 35.824175824175825
15.89	 10	 35.091575091575095
15.9	 10	 35.06715506715507
15.91	 10	 35.16483516483517
15.92	 10	 34.94505494505494
15.93	 10	 35.06715506715507
15.94	 10	 35.16483516483517
15.95	 10	 35.091575091575095
15.96	 10	 35.091575091575095
15.97	 10	 35.042735042735046
15.98	 10	 34.99389499389499
15.99	 10	 35.16483516483517
16	 10	 35.21367521367522
16.01	 10	 35.16483516483517
16.02	 10	 34.77411477411477
16.03	 10	 35.21367521367522
16.04	 10	 35.262515262515265
16.05	 10	 35.16483516483517
16.06	 10	 35.23809523809524
16.07	 10	 35.18925518925519
16.08	 10	 34.969474969474966
16.09	 10	 35.14041514041514
16.1	 10	 35.21367521367522
16.11	 10	 35.11599511599512
16.12	 10	 35.18925518925519
16.13	 10	 35.091575091575095
16.14	 10	 35.16483516483517
16.15	 10	 35.16483516483517
16.16	 10	 35.11599511599512
16.17	 10	 35.091575091575095
16.18	 10	 35.11599511599512
16.19	 10	 35.16483516483517
16.2	 10	 35.091575091575095
16.21	 10	 35.14041514041514
16.22	 10	 35.091575091575095
16.23	 10	 35.06715506715507
16.24	 10	 34.99389499389499
16.25	 10	 34.92063492063492
16.26	 10	 34.55433455433455
16.27	 10	 35.16483516483517
16.28	 10	 34.969474969474966
16.29	 10	 34.847374847374844
16.3	 10	 34.74969474969475
16.31	 10	 34.92063492063492
16.32	 10	 34.92063492063492
16.33	 10	 34.798534798534796
16.34	 10	 34.798534798534796
16.35	 10	 34.847374847374844
16.36	 10	 34.92063492063492
16.37	 10	 34.94505494505494
16.38	 10	 34.847374847374844
16.39	 10	 34.94505494505494
16.4	 10	 34.87179487179487
16.41	 10	 34.89621489621489
16.42	 10	 34.92063492063492
16.43	 10	 35.01831501831502
16.44	 10	 34.89621489621489
16.45	 10	 35.23809523809524
16.46	 10	 34.847374847374844
16.47	 10	 34.89621489621489
16.48	 10	 35.042735042735046
16.49	 10	 34.89621489621489
16.5	 10	 34.82295482295482
16.51	 10	 34.87179487179487
16.52	 10	 34.798534798534796
16.53	 10	 34.74969474969475
16.54	 10	 34.87179487179487
16.55	 10	 34.87179487179487
16.56	 10	 34.35897435897436
16.57	 10	 34.74969474969475
16.58	 10	 34.74969474969475
16.59	 10	 34.77411477411477
16.6	 10	 34.99389499389499
16.61	 10	 34.72527472527472
16.62	 10	 34.798534798534796
16.63	 10	 34.87179487179487
16.64	 10	 34.94505494505494
16.65	 10	 34.92063492063492
16.66	 10	 34.969474969474966
16.67	 10	 34.847374847374844
16.68	 10	 34.94505494505494
16.69	 10	 34.969474969474966
16.7	 10	 34.92063492063492
16.71	 10	 34.969474969474966
16.72	 10	 34.92063492063492
16.73	 10	 34.92063492063492
16.74	 10	 34.99389499389499
16.75	 10	 34.92063492063492
16.76	 10	 34.89621489621489
16.77	 10	 34.92063492063492
16.78	 10	 34.99389499389499
16.79	 10	 34.969474969474966
16.8	 10	 34.82295482295482
16.81	 10	 34.94505494505494
16.82	 10	 34.94505494505494
16.83	 10	 34.969474969474966
16.84	 10	 34.89621489621489
16.85	 10	 35.433455433455435
16.86	 10	 34.969474969474966
16.87	 10	 34.87179487179487
16.88	 10	 34.969474969474966
16.89	 10	 34.99389499389499
16.9	 10	 34.92063492063492
16.91	 10	 34.94505494505494
16.92	 10	 34.969474969474966
16.93	 10	 34.847374847374844
16.94	 10	 34.969474969474966
16.95	 10	 34.969474969474966
16.96	 10	 35.06715506715507
16.97	 10	 34.99389499389499
16.98	 10	 35.01831501831502
16.99	 10	 35.01831501831502
17	 10	 35.042735042735046
17.01	 10	 35.06715506715507
17.02	 10	 35.091575091575095
17.03	 10	 35.14041514041514
17.04	 10	 34.99389499389499
17.05	 10	 35.06715506715507
17.06	 10	 35.091575091575095
17.07	 10	 35.06715506715507
17.08	 10	 35.06715506715507
17.09	 10	 34.99389499389499
17.1	 10	 34.92063492063492
17.11	 10	 34.99389499389499
17.12	 10	 34.99389499389499
17.13	 10	 34.969474969474966
17.14	 10	 35.06715506715507
17.15	 10	 35.18925518925519
17.16	 10	 34.92063492063492
17.17	 10	 34.99389499389499
17.18	 10	 35.042735042735046
17.19	 10	 35.042735042735046
17.2	 10	 35.23809523809524
17.21	 10	 35.091575091575095
17.22	 10	 35.23809523809524
17.23	 10	 35.23809523809524
17.24	 10	 35.16483516483517
17.25	 10	 35.21367521367522
17.26	 10	 35.23809523809524
17.27	 10	 35.18925518925519
17.28	 10	 35.262515262515265
17.29	 10	 35.23809523809524
17.3	 10	 35.28693528693529
17.31	 10	 35.433455433455435
17.32	 10	 35.21367521367522
17.33	 10	 35.23809523809524
17.34	 10	 35.311355311355314
17.35	 10	 35.23809523809524
17.36	 10	 35.18925518925519
17.37	 10	 35.262515262515265
17.38	 10	 35.262515262515265
17.39	 10	 35.28693528693529
17.4	 10	 35.433455433455435
17.41	 10	 35.23809523809524
17.42	 10	 35.28693528693529
17.43	 10	 35.11599511599512
17.44	 10	 35.23809523809524
17.45	 10	 35.36019536019536
17.46	 10	 35.21367521367522
17.47	 10	 35.23809523809524
17.48	 10	 35.262515262515265
17.49	 10	 35.433455433455435
17.5	 10	 35.311355311355314
17.51	 10	 35.33577533577534
17.52	 10	 35.23809523809524
17.53	 10	 35.311355311355314
17.54	 10	 35.33577533577534
17.55	 10	 35.311355311355314
17.56	 10	 35.262515262515265
17.57	 10	 35.36019536019536
17.58	 10	 35.33577533577534
17.59	 10	 35.311355311355314
17.6	 10	 35.824175824175825
17.61	 10	 35.433455433455435
17.62	 10	 35.33577533577534
17.63	 10	 35.84859584859585
17.64	 10	 35.33577533577534
17.65	 10	 35.33577533577534
17.66	 10	 35.38461538461539
17.67	 10	 35.433455433455435
17.68	 10	 35.40903540903541
17.69	 10	 35.433455433455435
17.7	 10	 35.36019536019536
17.71	 10	 35.53113553113553
17.72	 10	 35.262515262515265
17.73	 10	 35.38461538461539
17.74	 10	 35.45787545787546
17.75	 10	 35.45787545787546
17.76	 10	 35.45787545787546
17.77	 10	 35.50671550671551
17.78	 10	 35.40903540903541
17.79	 10	 35.042735042735046
17.8	 10	 35.604395604395606
17.81	 10	 35.57997557997558
17.82	 10	 35.53113553113553
17.83	 10	 35.55555555555556
17.84	 10	 35.62881562881563
17.85	 10	 35.53113553113553
17.86	 10	 35.55555555555556
17.87	 10	 35.55555555555556
17.88	 10	 35.50671550671551
17.89	 10	 35.55555555555556
17.9	 10	 35.45787545787546
17.91	 10	 35.45787545787546
17.92	 10	 35.55555555555556
17.93	 10	 35.57997557997558
17.94	 10	 35.50671550671551
17.95	 10	 35.50671550671551
17.96	 10	 35.57997557997558
17.97	 10	 35.433455433455435
17.98	 10	 35.45787545787546
17.99	 10	 35.33577533577534
18	 10	 35.55555555555556
18.01	 10	 35.482295482295484
18.02	 10	 35.8974358974359
18.03	 10	 35.433455433455435
18.04	 10	 35.53113553113553
18.05	 10	 35.50671550671551
18.06	 10	 35.433455433455435
18.07	 10	 35.45787545787546
18.08	 10	 35.482295482295484
18.09	 10	 35.75091575091575
18.1	 10	 35.33577533577534
18.11	 10	 35.38461538461539
18.12	 10	 35.433455433455435
18.13	 10	 35.57997557997558
18.14	 10	 35.36019536019536
18.15	 10	 35.33577533577534
18.16	 10	 35.38461538461539
18.17	 10	 35.38461538461539
18.18	 10	 35.311355311355314
18.19	 10	 35.33577533577534
18.2	 10	 35.433455433455435
18.21	 10	 35.38461538461539
18.22	 10	 35.33577533577534
18.23	 10	 35.50671550671551
18.24	 10	 35.33577533577534
18.25	 10	 35.433455433455435
18.26	 10	 35.38461538461539
18.27	 10	 35.433455433455435
18.28	 10	 35.40903540903541
18.29	 10	 35.33577533577534
18.3	 10	 35.38461538461539
18.31	 10	 35.33577533577534
18.32	 10	 35.33577533577534
18.33	 10	 35.45787545787546
18.34	 10	 35.311355311355314
18.35	 10	 35.36019536019536
18.36	 10	 35.311355311355314
18.37	 10	 34.969474969474966
18.38	 10	 35.36019536019536
18.39	 10	 35.28693528693529
18.4	 10	 35.45787545787546
18.41	 10	 35.33577533577534
18.42	 10	 35.38461538461539
18.43	 10	 35.28693528693529
18.44	 10	 35.28693528693529
18.45	 10	 35.33577533577534
18.46	 10	 35.40903540903541
18.47	 10	 35.36019536019536
18.48	 10	 35.23809523809524
18.49	 10	 35.16483516483517
18.5	 10	 35.311355311355314
18.51	 10	 35.57997557997558
18.52	 10	 35.33577533577534
18.53	 10	 35.33577533577534
18.54	 10	 35.33577533577534
18.55	 10	 35.23809523809524
18.56	 10	 35.06715506715507
18.57	 10	 35.21367521367522
18.58	 10	 35.21367521367522
18.59	 10	 35.21367521367522
18.6	 10	 34.7008547008547
18.61	 10	 35.23809523809524
18.62	 10	 35.16483516483517
18.63	 10	 35.18925518925519
18.64	 10	 35.21367521367522
18.65	 10	 35.23809523809524
18.66	 10	 35.23809523809524
18.67	 10	 35.28693528693529
18.68	 10	 35.38461538461539
18.69	 10	 35.18925518925519
18.7	 10	 35.311355311355314
18.71	 10	 35.16483516483517
18.72	 10	 35.262515262515265
18.73	 10	 35.14041514041514
18.74	 10	 35.16483516483517
18.75	 10	 35.23809523809524
18.76	 10	 35.28693528693529
18.77	 10	 35.23809523809524
18.78	 10	 35.262515262515265
18.79	 10	 35.23809523809524
18.8	 10	 35.14041514041514
18.81	 10	 35.33577533577534
18.82	 10	 35.18925518925519
18.83	 10	 35.23809523809524
18.84	 10	 35.18925518925519
18.85	 10	 35.33577533577534
18.86	 10	 35.16483516483517
18.87	 10	 35.18925518925519
18.88	 10	 35.262515262515265
18.89	 10	 35.33577533577534
18.9	 10	 35.21367521367522
18.91	 10	 35.262515262515265
18.92	 10	 35.262515262515265
18.93	 10	 35.33577533577534
18.94	 10	 35.23809523809524
18.95	 10	 35.21367521367522
18.96	 10	 35.23809523809524
18.97	 10	 35.23809523809524
18.98	 10	 35.18925518925519
18.99	 10	 35.23809523809524
19	 10	 36.043956043956044
19.01	 10	 35.311355311355314
19.02	 10	 35.33577533577534
19.03	 10	 35.262515262515265
19.04	 10	 35.33577533577534
19.05	 10	 35.33577533577534
19.06	 10	 35.23809523809524
19.07	 10	 33.772893772893774
19.08	 10	 35.311355311355314
19.09	 10	 35.36019536019536
19.1	 10	 35.311355311355314
19.11	 10	 35.23809523809524
19.12	 10	 35.33577533577534
19.13	 10	 35.33577533577534
19.14	 10	 35.28693528693529
19.15	 10	 35.28693528693529
19.16	 10	 35.262515262515265
19.17	 10	 35.311355311355314
19.18	 10	 35.28693528693529
19.19	 10	 35.28693528693529
19.2	 10	 35.262515262515265
19.21	 10	 35.28693528693529
19.22	 10	 35.18925518925519
19.23	 10	 35.311355311355314
19.24	 10	 35.21367521367522
19.25	 10	 35.21367521367522
19.26	 10	 35.23809523809524
19.27	 10	 35.16483516483517
19.28	 10	 35.16483516483517
19.29	 10	 35.23809523809524
19.3	 10	 35.23809523809524
19.31	 10	 35.18925518925519
19.32	 10	 35.262515262515265
19.33	 10	 35.23809523809524
19.34	 10	 35.23809523809524
19.35	 10	 35.23809523809524
19.36	 10	 35.33577533577534
19.37	 10	 35.14041514041514
19.38	 10	 35.28693528693529
19.39	 10	 35.33577533577534
19.4	 10	 35.33577533577534
19.41	 10	 35.33577533577534
19.42	 10	 35.33577533577534
19.43	 10	 35.33577533577534
19.44	 10	 35.311355311355314
19.45	 10	 35.33577533577534
19.46	 10	 35.38461538461539
19.47	 10	 35.33577533577534
19.48	 10	 35.36019536019536
19.49	 10	 35.33577533577534
19.5	 10	 35.33577533577534
19.51	 10	 35.45787545787546
19.52	 10	 35.311355311355314
19.53	 10	 35.311355311355314
19.54	 10	 35.28693528693529
19.55	 10	 35.28693528693529
19.56	 10	 35.36019536019536
19.57	 10	 35.45787545787546
19.58	 10	 35.33577533577534
19.59	 10	 35.311355311355314
19.6	 10	 35.38461538461539
19.61	 10	 35.33577533577534
19.62	 10	 35.33577533577534
19.63	 10	 35.28693528693529
19.64	 10	 35.33577533577534
19.65	 10	 35.311355311355314
19.66	 10	 35.33577533577534
19.67	 10	 35.40903540903541
19.68	 10	 35.28693528693529
19.69	 10	 35.33577533577534
19.7	 10	 35.33577533577534
19.71	 10	 35.38461538461539
19.72	 10	 35.33577533577534
19.73	 10	 35.311355311355314
19.74	 10	 35.33577533577534
19.75	 10	 35.311355311355314
19.76	 10	 35.311355311355314
19.77	 10	 35.433455433455435
19.78	 10	 35.38461538461539
19.79	 10	 35.33577533577534
19.8	 10	 35.311355311355314
19.81	 10	 35.33577533577534
19.82	 10	 35.33577533577534
19.83	 10	 35.262515262515265
19.84	 10	 35.36019536019536
19.85	 10	 35.38461538461539
19.86	 10	 35.55555555555556
19.87	 10	 35.45787545787546
19.88	 10	 35.40903540903541
19.89	 10	 35.28693528693529
19.9	 10	 35.311355311355314
19.91	 10	 35.33577533577534
19.92	 10	 35.311355311355314
19.93	 10	 35.33577533577534
19.94	 10	 35.311355311355314
19.95	 10	 35.45787545787546
19.96	 10	 35.33577533577534
19.97	 10	 35.23809523809524
19.98	 10	 35.40903540903541
19.99	 10	 35.433455433455435
20	 10	 35.433455433455435
20.01	 10	 35.36019536019536
20.02	 10	 35.38461538461539
20.03	 10	 35.433455433455435
20.04	 10	 35.28693528693529
20.05	 10	 35.16483516483517
20.06	 10	 35.33577533577534
20.07	 10	 35.38461538461539
20.08	 10	 35.33577533577534
20.09	 10	 35.433455433455435
20.1	 10	 35.433455433455435
20.11	 10	 35.50671550671551
20.12	 10	 35.23809523809524
20.13	 10	 35.23809523809524
20.14	 10	 35.38461538461539
20.15	 10	 35.433455433455435
20.16	 10	 35.28693528693529
20.17	 10	 35.33577533577534
20.18	 10	 35.33577533577534
20.19	 10	 35.33577533577534
20.2	 10	 35.38461538461539
20.21	 10	 35.433455433455435
20.22	 10	 35.33577533577534
20.23	 10	 35.33577533577534
20.24	 10	 35.40903540903541
20.25	 10	 34.285714285714285
20.26	 10	 35.311355311355314
20.27	 10	 35.38461538461539
20.28	 10	 35.36019536019536
20.29	 10	 35.40903540903541
20.3	 10	 35.21367521367522
20.31	 10	 35.45787545787546
20.32	 10	 35.433455433455435
20.33	 10	 35.433455433455435
20.34	 10	 35.433455433455435
20.35	 10	 35.45787545787546
20.36	 10	 35.28693528693529
20.37	 10	 35.36019536019536
20.38	 10	 35.67765567765568
20.39	 10	 35.45787545787546
20.4	 10	 35.433455433455435
20.41	 10	 35.33577533577534
20.42	 10	 35.433455433455435
20.43	 10	 35.28693528693529
20.44	 10	 35.262515262515265
20.45	 10	 35.53113553113553
20.46	 10	 35.23809523809524
20.47	 10	 35.33577533577534
20.48	 10	 35.262515262515265
20.49	 10	 35.824175824175825
20.5	 10	 35.33577533577534
20.51	 10	 35.23809523809524
20.52	 10	 35.28693528693529
20.53	 10	 35.33577533577534
20.54	 10	 35.28693528693529
20.55	 10	 35.23809523809524
20.56	 10	 35.16483516483517
20.57	 10	 35.23809523809524
20.58	 10	 35.311355311355314
20.59	 10	 35.36019536019536
20.6	 10	 35.28693528693529
20.61	 10	 35.262515262515265
20.62	 10	 35.53113553113553
20.63	 10	 35.33577533577534
20.64	 10	 35.33577533577534
20.65	 10	 35.33577533577534
20.66	 10	 35.45787545787546
20.67	 10	 35.433455433455435
20.68	 10	 35.38461538461539
20.69	 10	 35.45787545787546
20.7	 10	 35.45787545787546
20.71	 10	 35.50671550671551
20.72	 10	 35.45787545787546
20.73	 10	 35.55555555555556
20.74	 10	 35.55555555555556
20.75	 10	 35.45787545787546
20.76	 10	 36.09279609279609
20.77	 10	 35.62881562881563
20.78	 10	 35.45787545787546
20.79	 10	 35.53113553113553
20.8	 10	 35.55555555555556
20.81	 10	 35.57997557997558
20.82	 10	 35.62881562881563
20.83	 10	 35.7020757020757
20.84	 10	 35.67765567765568
20.85	 10	 35.604395604395606
20.86	 10	 35.53113553113553
20.87	 10	 35.55555555555556
20.88	 10	 35.55555555555556
20.89	 10	 35.55555555555556
20.9	 10	 35.50671550671551
20.91	 10	 35.433455433455435
20.92	 10	 35.33577533577534
20.93	 10	 35.33577533577534
20.94	 10	 35.45787545787546
20.95	 10	 35.62881562881563
20.96	 10	 35.55555555555556
20.97	 10	 35.433455433455435
20.98	 10	 35.433455433455435
20.99	 10	 35.45787545787546
21	 10	 35.433455433455435
21.01	 10	 35.53113553113553
21.02	 10	 35.433455433455435
21.03	 10	 35.53113553113553
21.04	 10	 35.55555555555556
21.05	 10	 35.55555555555556
21.06	 10	 35.50671550671551
21.07	 10	 35.433455433455435
21.08	 10	 35.53113553113553
21.09	 10	 35.50671550671551
21.1	 10	 35.45787545787546
21.11	 10	 35.50671550671551
21.12	 10	 35.55555555555556
21.13	 10	 35.482295482295484
21.14	 10	 35.433455433455435
21.15	 10	 35.40903540903541
21.16	 10	 35.50671550671551
21.17	 10	 35.33577533577534
21.18	 10	 35.28693528693529
21.19	 10	 35.45787545787546
21.2	 10	 35.311355311355314
21.21	 10	 35.45787545787546
21.22	 10	 35.482295482295484
21.23	 10	 35.433455433455435
21.24	 10	 35.433455433455435
21.25	 10	 35.21367521367522
21.26	 10	 35.45787545787546
21.27	 10	 35.33577533577534
21.28	 10	 35.45787545787546
21.29	 10	 35.653235653235654
21.3	 10	 35.36019536019536
21.31	 10	 35.38461538461539
21.32	 10	 35.433455433455435
21.33	 10	 35.33577533577534
21.34	 10	 35.33577533577534
21.35	 10	 35.23809523809524
21.36	 10	 35.18925518925519
21.37	 10	 35.33577533577534
21.38	 10	 35.28693528693529
21.39	 10	 35.36019536019536
21.4	 10	 35.311355311355314
21.41	 10	 35.33577533577534
21.42	 10	 35.33577533577534
21.43	 10	 35.311355311355314
21.44	 10	 35.33577533577534
21.45	 10	 35.33577533577534
21.46	 10	 35.33577533577534
21.47	 10	 35.33577533577534
21.48	 10	 35.33577533577534
21.49	 10	 35.40903540903541
21.5	 10	 35.28693528693529
21.51	 10	 35.36019536019536
21.52	 10	 35.433455433455435
21.53	 10	 33.82173382173382
21.54	 10	 35.45787545787546
21.55	 10	 35.55555555555556
21.56	 10	 35.45787545787546
21.57	 10	 35.55555555555556
21.58	 10	 35.433455433455435
21.59	 10	 35.482295482295484
21.6	 10	 35.38461538461539
21.61	 10	 35.482295482295484
21.62	 10	 35.33577533577534
21.63	 10	 35.53113553113553
21.64	 10	 35.55555555555556
21.65	 10	 35.482295482295484
21.66	 10	 35.45787545787546
21.67	 10	 35.45787545787546
21.68	 10	 35.433455433455435
21.69	 10	 35.57997557997558
21.7	 10	 35.45787545787546
21.71	 10	 35.7020757020757
21.72	 10	 35.433455433455435
21.73	 10	 35.433455433455435
21.74	 10	 35.33577533577534
21.75	 10	 35.482295482295484
21.76	 10	 35.433455433455435
21.77	 10	 35.433455433455435
21.78	 10	 35.62881562881563
21.79	 10	 35.55555555555556
21.8	 10	 35.45787545787546
21.81	 10	 35.433455433455435
21.82	 10	 35.433455433455435
21.83	 10	 35.433455433455435
21.84	 10	 35.433455433455435
21.85	 10	 35.40903540903541
21.86	 10	 35.45787545787546
21.87	 10	 35.45787545787546
21.88	 10	 35.433455433455435
21.89	 10	 35.482295482295484
21.9	 10	 35.55555555555556
21.91	 10	 35.38461538461539
21.92	 10	 35.482295482295484
21.93	 10	 35.50671550671551
21.94	 10	 35.433455433455435
21.95	 10	 35.57997557997558
21.96	 10	 35.482295482295484
21.97	 10	 35.28693528693529
21.98	 10	 35.55555555555556
21.99	 10	 35.45787545787546
22	 10	 35.50671550671551
22.01	 10	 35.57997557997558
22.02	 10	 35.53113553113553
22.03	 10	 35.604395604395606
22.04	 10	 35.653235653235654
22.05	 10	 35.57997557997558
22.06	 10	 35.57997557997558
22.07	 10	 35.55555555555556
22.08	 10	 35.62881562881563
22.09	 10	 35.55555555555556
22.1	 10	 35.45787545787546
22.11	 10	 35.482295482295484
22.12	 10	 35.55555555555556
22.13	 10	 35.50671550671551
22.14	 10	 35.62881562881563
22.15	 10	 35.72649572649573
22.16	 10	 35.604395604395606
22.17	 10	 35.604395604395606
22.18	 10	 35.482295482295484
22.19	 10	 35.57997557997558
22.2	 10	 35.604395604395606
22.21	 10	 35.433455433455435
22.22	 10	 35.604395604395606
22.23	 10	 35.57997557997558
22.24	 10	 35.62881562881563
22.25	 10	 35.53113553113553
22.26	 10	 35.53113553113553
22.27	 10	 35.53113553113553
22.28	 10	 35.62881562881563
22.29	 10	 35.57997557997558
22.3	 10	 35.604395604395606
22.31	 10	 35.653235653235654
22.32	 10	 35.57997557997558
22.33	 10	 35.62881562881563
22.34	 10	 35.62881562881563
22.35	 10	 35.604395604395606
22.36	 10	 35.62881562881563
22.37	 10	 35.62881562881563
22.38	 10	 35.55555555555556
22.39	 10	 35.62881562881563
22.4	 10	 35.97069597069597
22.41	 10	 35.62881562881563
22.42	 10	 35.7020757020757
22.43	 10	 35.653235653235654
22.44	 10	 35.653235653235654
22.45	 10	 35.653235653235654
22.46	 10	 35.653235653235654
22.47	 10	 35.62881562881563
22.48	 10	 35.57997557997558
22.49	 10	 35.62881562881563
22.5	 10	 35.53113553113553
22.51	 10	 35.55555555555556
22.52	 10	 35.55555555555556
22.53	 10	 35.482295482295484
22.54	 10	 35.604395604395606
22.55	 10	 35.62881562881563
22.56	 10	 35.042735042735046
22.57	 10	 35.604395604395606
22.58	 10	 35.482295482295484
22.59	 10	 35.55555555555556
22.6	 10	 35.55555555555556
22.61	 10	 35.55555555555556
22.62	 10	 35.55555555555556
22.63	 10	 35.482295482295484
22.64	 10	 35.50671550671551
22.65	 10	 35.62881562881563
22.66	 10	 35.604395604395606
22.67	 10	 35.45787545787546
22.68	 10	 35.55555555555556
22.69	 10	 35.55555555555556
22.7	 10	 35.433455433455435
22.71	 10	 35.53113553113553
22.72	 10	 34.57875457875458
22.73	 10	 35.57997557997558
22.74	 10	 35.55555555555556
22.75	 10	 35.50671550671551
22.76	 10	 35.62881562881563
22.77	 10	 35.55555555555556
22.78	 10	 35.50671550671551
22.79	 10	 35.45787545787546
22.8	 10	 35.55555555555556
22.81	 10	 35.604395604395606
22.82	 10	 35.36019536019536
22.83	 10	 35.53113553113553
22.84	 10	 35.50671550671551
22.85	 10	 35.55555555555556
22.86	 10	 35.482295482295484
22.87	 10	 35.482295482295484
22.88	 10	 35.55555555555556
22.89	 10	 35.57997557997558
22.9	 10	 35.604395604395606
22.91	 10	 35.57997557997558
22.92	 10	 35.50671550671551
22.93	 10	 35.33577533577534
22.94	 10	 35.40903540903541
22.95	 10	 35.50671550671551
22.96	 10	 35.62881562881563
22.97	 10	 35.55555555555556
22.98	 10	 35.482295482295484
22.99	 10	 35.45787545787546
23	 10	 35.53113553113553
23.01	 10	 35.55555555555556
23.02	 10	 35.433455433455435
23.03	 10	 35.53113553113553
23.04	 10	 35.604395604395606
23.05	 10	 35.53113553113553
23.06	 10	 35.57997557997558
23.07	 10	 35.50671550671551
23.08	 10	 35.433455433455435
23.09	 10	 35.50671550671551
23.1	 10	 35.55555555555556
23.11	 10	 35.53113553113553
23.12	 10	 35.482295482295484
23.13	 10	 35.50671550671551
23.14	 10	 35.53113553113553
23.15	 10	 35.50671550671551
23.16	 10	 35.55555555555556
23.17	 10	 35.53113553113553
23.18	 10	 35.482295482295484
23.19	 10	 35.45787545787546
23.2	 10	 35.53113553113553
23.21	 10	 35.55555555555556
23.22	 10	 35.55555555555556
23.23	 10	 35.55555555555556
23.24	 10	 35.55555555555556
23.25	 10	 35.55555555555556
23.26	 10	 35.50671550671551
23.27	 10	 35.482295482295484
23.28	 10	 35.604395604395606
23.29	 10	 35.62881562881563
23.3	 10	 35.62881562881563
23.31	 10	 35.53113553113553
23.32	 10	 35.55555555555556
23.33	 10	 35.57997557997558
23.34	 10	 35.40903540903541
23.35	 10	 35.72649572649573
23.36	 10	 35.55555555555556
23.37	 10	 35.55555555555556
23.38	 10	 35.55555555555556
23.39	 10	 35.57997557997558
23.4	 10	 35.653235653235654
23.41	 10	 35.62881562881563
23.42	 10	 35.62881562881563
23.43	 10	 35.62881562881563
23.44	 10	 35.62881562881563
23.45	 10	 35.57997557997558
23.46	 10	 35.62881562881563
23.47	 10	 35.62881562881563
23.48	 10	 35.67765567765568
23.49	 10	 35.67765567765568
23.5	 10	 35.57997557997558
23.51	 10	 35.653235653235654
23.52	 10	 35.57997557997558
23.53	 10	 35.604395604395606
23.54	 10	 35.67765567765568
23.55	 10	 35.311355311355314
23.56	 10	 35.45787545787546
23.57	 10	 35.55555555555556
23.58	 10	 35.433455433455435
23.59	 10	 35.433455433455435
23.6	 10	 35.33577533577534
23.61	 10	 35.38461538461539
23.62	 10	 35.38461538461539
23.63	 10	 35.40903540903541
23.64	 10	 35.40903540903541
23.65	 10	 35.482295482295484
23.66	 10	 37.68009768009768
23.67	 10	 35.38461538461539
23.68	 10	 35.604395604395606
23.69	 10	 35.01831501831502
23.7	 10	 35.53113553113553
23.71	 10	 35.55555555555556
23.72	 10	 35.653235653235654
23.73	 10	 35.55555555555556
23.74	 10	 35.62881562881563
23.75	 10	 35.62881562881563
23.76	 10	 35.7020757020757
23.77	 10	 35.62881562881563
23.78	 10	 35.653235653235654
23.79	 10	 35.8974358974359
23.8	 10	 35.57997557997558
23.81	 10	 35.67765567765568
23.82	 10	 35.7020757020757
23.83	 10	 35.62881562881563
23.84	 10	 35.72649572649573
23.85	 10	 33.43101343101343
23.86	 10	 35.75091575091575
23.87	 10	 35.62881562881563
23.88	 10	 35.72649572649573
23.89	 10	 35.57997557997558
23.9	 10	 35.62881562881563
23.91	 10	 35.7020757020757
23.92	 10	 35.94627594627595
23.93	 10	 35.62881562881563
23.94	 10	 35.653235653235654
23.95	 10	 35.62881562881563
23.96	 10	 35.604395604395606
23.97	 10	 35.33577533577534
23.98	 10	 35.62881562881563
23.99	 10	 35.57997557997558
24	 10	 35.604395604395606
24.01	 10	 35.62881562881563
24.02	 10	 35.7020757020757
24.03	 10	 35.75091575091575
24.04	 10	 35.62881562881563
24.05	 10	 35.7020757020757
24.06	 10	 35.653235653235654
24.07	 10	 35.62881562881563
24.08	 10	 35.57997557997558
24.09	 10	 35.53113553113553
24.1	 10	 35.62881562881563
24.11	 10	 35.57997557997558
24.12	 10	 35.67765567765568
24.13	 10	 35.62881562881563
24.14	 10	 35.653235653235654
24.15	 10	 35.62881562881563
24.16	 10	 35.55555555555556
24.17	 10	 35.604395604395606
24.18	 10	 35.57997557997558
24.19	 10	 35.57997557997558
24.2	 10	 35.604395604395606
24.21	 10	 35.72649572649573
24.22	 10	 35.53113553113553
24.23	 10	 35.55555555555556
24.24	 10	 34.407814407814406
24.25	 10	 35.55555555555556
24.26	 10	 35.55555555555556
24.27	 10	 35.50671550671551
24.28	 10	 35.55555555555556
24.29	 10	 35.482295482295484
24.3	 10	 35.62881562881563
24.31	 10	 35.40903540903541
24.32	 10	 35.50671550671551
24.33	 10	 35.57997557997558
24.34	 10	 35.482295482295484
24.35	 10	 35.57997557997558
24.36	 10	 35.53113553113553
24.37	 10	 35.55555555555556
24.38	 10	 35.57997557997558
24.39	 10	 35.53113553113553
24.4	 10	 35.262515262515265
24.41	 10	 35.55555555555556
24.42	 10	 35.55555555555556
24.43	 10	 35.604395604395606
24.44	 10	 35.57997557997558
24.45	 10	 35.604395604395606
24.46	 10	 35.50671550671551
24.47	 10	 35.604395604395606
24.48	 10	 35.36019536019536
24.49	 10	 35.53113553113553
24.5	 10	 35.57997557997558
24.51	 10	 35.604395604395606
24.52	 10	 35.40903540903541
24.53	 10	 35.53113553113553
24.54	 10	 35.55555555555556
24.55	 10	 35.604395604395606
24.56	 10	 35.604395604395606
24.57	 10	 35.53113553113553
24.58	 10	 35.53113553113553
24.59	 10	 35.53113553113553
24.6	 10	 35.53113553113553
24.61	 10	 35.482295482295484
24.62	 10	 35.45787545787546
24.63	 10	 35.55555555555556
24.64	 10	 36.19047619047619
24.65	 10	 35.433455433455435
24.66	 10	 35.53113553113553
24.67	 10	 35.62881562881563
24.68	 10	 35.433455433455435
24.69	 10	 35.36019536019536
24.7	 10	 36.06837606837607
24.71	 10	 35.23809523809524
24.72	 10	 35.311355311355314
24.73	 10	 35.45787545787546
24.74	 10	 35.45787545787546
24.75	 10	 35.40903540903541
24.76	 10	 35.45787545787546
24.77	 10	 35.38461538461539
24.78	 10	 35.40903540903541
24.79	 10	 35.36019536019536
24.8	 10	 35.50671550671551
24.81	 10	 35.40903540903541
24.82	 10	 35.38461538461539
24.83	 10	 35.33577533577534
24.84	 10	 34.74969474969475
24.85	 10	 35.482295482295484
24.86	 10	 35.482295482295484
24.87	 10	 35.40903540903541
24.88	 10	 35.433455433455435
24.89	 10	 35.45787545787546
24.9	 10	 35.40903540903541
24.91	 10	 35.38461538461539
24.92	 10	 35.28693528693529
24.93	 10	 35.45787545787546
24.94	 10	 35.23809523809524
24.95	 10	 35.38461538461539
24.96	 10	 35.33577533577534
24.97	 10	 35.45787545787546
24.98	 10	 35.45787545787546
24.99	 10	 35.33577533577534
